1969958
1411135
7727517
3802242
324753
9812975
3364386
5974323
1649632
9362391
6653418
634281
639934
6121613
3653682
7877279
5185440
5322778
9192317
1809324
4920722
2426957
44538
5130099
60257
9793288
791177
9236112
4451822
1784731
4058326
2137801
4955433
7371444
40472
3405237
8618859
5440486
6133003
2229945
975681
601614
4856175
8027017
9722427
3938128
919728
3010812
7770403
6313511
5335694
788329
3505065
8911941
4283431
3061310
5846776
4321650
4141753
4632256
8321388
7834105
1514023
2870086
1856612
6270071
341750
6520110
6618262
5311014
2603969
5447798
1239989
6425277
9983477
8392185
3000460
3096628
5925691
9865452
2747811
4952045
4030683
780679
2278072
4609192
4929608
3985913
5475822
7093023
486131
2409151
3513700
4760564
1034763
5195944
869148
531241
9885210
4697406
2960572
9141855
1833381
2146386
1838794
7704411
8224523
9124608
269252
2765048
974036
8451278
161178
9864310
1172706
9754120
5089867
3790389
6134605
9840222
921403
7087226
9758996
5484089
1610336
5450254
259581
5370885
9634221
9598777
8654491
1679777
3932294
3127891
5008485
8600629
2910432
7433233
3776904
3521075
2968788
311368
5722527
1688997
756191
6158989
4380934
753427
4221241
5452469
5333309
9393146
8833879
4665177
7212458
7353972
8997813
9351046
6970113
5121073
5765009
1927038
5979384
5060257
9420344
7202976
3226976
1289723
9799993
9541643
6542244
4686179
4605249
9177761
7687034
1666463
7477986
9269998
2584423
3032422
2570581
3517327
3565776
5633917
1247329
4461035
5712177
8912193
6734351
7805990
8713286
7068540
9337216
2024681
6208017
4240306
5696636
3683493
3901512
8539640
2280486
2249158
4713373
2918849
8865285
8488685
7608316
1248303
3349654
4388932
2322594
2156289
95426
6022757
7891824
6009433
9880045
6973806
2777147
3329819
9421179
28708
9718802
8554130
9584828
3695494
9844939
1542977
9104921
855909
9275679
9805236
606855
2941662
4574243
3512900
2962318
1479434
9060608
4667698
5949083
8646817
8718192
88282
9847572
6223318
6304325
9085483
7672154
7347414
594418
2175005
5387147
5986410
9863262
9451192
5723489
6391265
9946949
832267
1789743
5121165
6395808
2927529
9071578
8385244
6252429
4578544
4898341
3063178
5808653
595832
6548901
5926865
5930581
9423949
310812
4941988
9551951
9224200
352815
6611322
1005499
3660295
8471349
8577229
7245121
2777835
6970147
1143244
8831154
8345700
6018379
7853956
1288224
7415321
8610411
9560927
2679098
6842144
5814404
122335
5303742
2293268
482320
9993297
3481123
7162260
8608765
216784
2447884
7612651
8351516
301378
1240664
839224
2563619
477681
6451780
9020753
1100247
9554196
6651516
8362968
2380099
5787357
3498761
9359258
5079841
9911587
734022
9152429
8939553
7489316
3891730
4651720
443592
5030469
2802293
1286263
9524215
6180916
9318399
7066119
8998314
2274174
10951
4954923
7684653
519796
1025827
2887282
6961782
9042425
5204461
76146
7571620
9658944
4521171
8462574
9539094
8587334
9765766
9144368
3153927
5924960
3167358
5293599
6355155
9140425
9005236
8398473
5218611
6505795
7369012
9958182
9839053
3778642
4976062
2493870
1795862
8404687
4037019
4978964
5984360
1424245
8508776
8437619
2929430
5266553
2831589
5253312
9465301
2976563
7993236
8331338
3156200
4127271
1797882
2003982
7845968
6041798
9853933
3255756
2996984
3973806
3415341
6190118
2600991
419775
5686062
8043387
134193
572283
3435037
6825747
827092
4643961
2328946
8486843
9853886
2219605
8153192
5501469
7837753
2124269
9340020
313176
8184447
9902788
8787897
7082681
1905115
9122679
1786770
4343132
6286460
1865183
6689046
9908033
3948055
9365973
7420692
6069539
9788919
872105
4246674
386299
2367219
5251865
8656283
9460608
1032090
6195522
8604820
8448457
3526986
5858143
8052729
4503475
5808924
8967887
8629185
2116967
8432217
4949285
8240430
4610200
9366442
4738575
9084129
8642190
8264045
1735239
5745262
8389607
1716659
3561846
8680941
4879724
9356437
6765828
5982661
747842
3546479
7461661
7277234
28871
2321253
182702
1799466
5512850
5605261
7946116
9668475
1762577
665761
4394424
8090903
7527492
7086451
8076526
6627410
5641383
9978901
1878396
3049003
7309227
8299822
5667011
9105541
1413339
4951433
2278733
528087
3792731
3893443
3137712
5476567
9386504
3567963
3046070
3602119
3121295
6914336
6763837
7575614
452391
1051905
2523183
3725296
4802464
3184930
7738269
2176041
8126821
5964340
2352839
9108582
5378893
8209344
8379134
1180148
6648725
6522052
1211457
8230908
5919149
8875502
8207605
8800916
7449724
9644632
8988631
7320039
7589149
3522959
8694508
6153051
9557745
5305201
1882102
5763255
5256581
820008
6654196
2367172
9438713
5073491
8988715
6134313
657491
3246757
9076612
3646926
6757144
8155585
7051844
6346033
8345572
5851303
1931182
8754991
9575164
5503535
1429567
6963520
2574524
4492173
1125655
9960073
9025824
1688633
5890754
7611872
1578595
6879379
1792606
858095
688159
2013256
1455686
8403729
1953047
8958423
5246204
9924480
2449896
2420445
5971422
7485990
7180826
2510884
2039226
2403830
8282075
643692
8810611
5934966
7276868
5738618
1319612
9807103
4153280
3401499
998804
2863697
6507355
3634378
1494929
8876275
4482393
7531550
5716767
3063766
1323190
4445370
141903
8030695
7644550
8936632
5143311
8085476
333037
9562565
6438052
5912746
7854193
6277572
1875769
5079656
3472869
9429392
5729534
2401757
7288741
5074374
9630874
8062324
2009707
1775176
3546354
4919297
1681046
9077735
5148920
3301603
7362623
7847704
7293614
7202619
2082791
4937651
33613
8827714
9707067
2927141
6061173
5931047
1317343
724108
3443276
4915308
1524503
7787602
1833926
7795490
5750497
8146965
9410681
7055335
9659181
8504430
3103530
8033582
4516757
642654
66188
4361738
1715879
8667942
9260998
115558
7496949
7551381
4130251
7424119
6399484
1380638
3010661
9612256
3639334
5094820
8120462
3365962
1028556
7013339
1834210
7208589
5884846
2008115
2162965
5031314
4181208
7764172
2685827
8853693
5251118
6621856
6616838
6568378
3490559
1598888
843495
8772472
9651617
2628593
9777322
3228970
7307503
3704264
8541086
8356121
8080925
5277979
6439060
3237514
5669533
117373
8229388
6601597
4306914
7298602
9205045
5515065
3917768
2058631
1138931
1579541
3803378
3569481
466651
1804727
9429408
6653690
1314010
5821598
7307427
8091420
2448047
4673725
8236982
3025842
560901
9937540
1352249
3313939
9410351
1769226
4750569
8332222
869055
6145190
2551785
7996267
6450355
2721734
7363617
5209106
1608926
4575384
9055865
435297
2059247
4698355
7702302
5557362
7612468
3842236
7908198
8000939
4803102
2383553
8906156
6185937
3662148
9995784
1602112
5626330
4861820
1208732
2996433
3902327
1075678
6014215
9426318
9866394
8749562
8406626
4367392
3108835
1653340
383990
5332569
3445255
6786960
6385163
3666169
1607844
7291676
3715208
6461561
8296153
5008217
1837953
8423390
9630651
3017854
2705230
3784268
4678578
456597
5118016
2250721
8431646
6832533
6956506
6033181
6631170
9263213
9204172
8156644
3902545
5427315
7930120
8825504
2867996
1616115
8470129
4438867
585781
4845190
7937410
4905691
8671740
1964784
1505606
4767457
7619571
3052800
133296
4411402
9546126
4439093
6628584
3555890
6320049
6427973
2653437
1315097
9023386
6988701
1377166
8246381
1208590
3985708
9376944
7045019
7927771
9696706
3982594
2107367
8167771
7891258
5411669
3501732
849565
7415093
7692059
7037083
5832197
7338396
9321560
3689778
7105550
3713330
6545369
3100276
1266492
3294797
28070
6781734
3528558
7132413
9918595
334389
2894427
865155
3283800
7933847
1860236
5282815
6983555
308858
9031888
5864681
6898339
6863702
1729334
1035215
8761595
6583925
1492032
2307706
3323074
9478031
5844671
1110671
9376296
3391508
6667443
3589881
5269473
3341628
8290085
9772831
343999
3157386
5449774
419508
206483
8494176
6396573
6914084
2054517
9782979
8306169
1957728
59947
4750427
6861073
1007996
7444285
1651426
292504
3347657
2124110
7490260
4748294
400696
8536020
2998104
4231245
4628253
4126168
2876449
6327398
1071816
1837490
9649639
9507458
7445682
3618293
5352756
8023319
3889873
8984746
4833865
3095314
8999358
5712904
6198303
8563130
1672629
4316260
9962399
5828039
1012047
1363487
9549293
4290993
7774333
6440332
1669907
2031871
3460723
6116371
6757253
7787325
9390341
314822
4382703
6119279
7065608
6088404
5249818
3260244
2625222
5669745
9482035
7826256
3963859
3120444
8854646
8810013
7917294
1960165
2712406
1322078
2154631
3616573
5712807
1440625
7564369
5442343
9941116
7806280
6533427
5413858
4704432
7840242
323070
1359485
4838747
2979332
8516486
5514967
2224236
2475698
4562147
6976649
8742537
4459208
2580079
5608389
1083012
359507
2152988
110450
575770
3047135
2844529
7680202
4810373
1425136
5651569
961248
5814229
2280998
7557386
5223595
3264440
8902526
931659
8298151
145313
3662744
5647025
3461040
8237878
2069581
2580315
2262999
8682015
8732020
6965832
6636819
188822
9207573
858628
8777291
4842972
1835130
2106429
3701562
4120682
7513381
9572029
3942790
52317
7384264
5122900
579176
3360999
1216770
8351300
2382000
7614353
72698
8965840
8300567
6034449
6339290
9337504
4302298
405201
5366776
2223860
521997
232236
5095759
3291189
3981879
578297
2051911
5556427
8003900
5607185
7854827
5894654
7675972
9518341
3899441
3992544
1718528
9295662
7520626
2207743
345268
547248
3800992
398757
4039692
4316252
2042145
7952752
3537040
4180477
6549278
9135705
6730085
182639
7794514
7055998
2100979
6041633
2759245
5903439
2456021
4766253
6099165
6978944
5193292
9243095
349037
4884941
1710934
2962061
4167478
684330
9002208
1614655
3885463
3139609
5282334
4259477
9641631
8169760
2740001
5246085
1559
7396247
155003
1499351
7011939
2075322
5254192
7505971
6725959
576756
5894371
5942367
1969874
4715923
7335657
3895985
8075308
4980838
8609878
6845863
7541282
3831758
4276607
6202586
4915490
7743243
9407881
9949289
8648135
3037574
459002
7095561
4868564
6755363
3289739
559641
5340653
1448332
9184761
4557679
3732351
1895804
432479
7001967
3223607
9903918
6436852
2921346
3032587
2274514
6945175
5425755
3651222
4150548
2280264
9814513
4067218
3616311
4469239
8101874
3552712
7974824
9003965
2227308
5145358
15002
6980549
4796260
4871458
2843753
4637970
7349143
7869277
3551293
661426
4087147
1801793
9158027
7437316
2446331
3023892
6825360
5284674
9603190
6978006
3963614
7355375
4518056
216547
2663047
8585499
6926722
216515
6765134
854338
1956437
3385333
3571929
4986056
8766980
1074287
9552477
6280238
3904429
8999258
2858806
9573763
4733482
723503
2833552
153008
7618541
4061769
8480059
7731022
9504465
1082800
2416713
8043187
8894103
8464832
3472166
2727938
6657468
7145921
2138083
3756339
9430099
1155261
7761870
789801
5863458
9640334
2430612
3383926
5726058
1171604
5644983
6455236
7138212
3046876
1470094
8481873
6583297
7180303
9308646
9894690
89545
3242569
324519
4627826
5437067
9157805
9735474
1934279
5264893
350235
1555462
146181
5123821
5356733
8972536
9237083
8436354
630019
1480655
6331445
8446232
7137500
957181
7109315
3650531
4918422
1389346
6022615
5595874
9614207
2919080
2215569
6932540
8382953
863260
8488424
8379754
789666
344003
6554037
858216
9438829
3084882
892180
8835930
3302289
3915448
7004612
4044300
8389287
1303465
104295
1496664
7516018
9998065
9983077
5180096
5810569
3713489
165594
1488756
4515618
5821014
6881093
599804
2130659
1590416
3296526
1591995
4156312
6988056
1881854
9641118
6555212
7660330
2989425
5677382
8524805
9575020
929550
3753654
499925
2857756
9544902
7454701
1734113
6346624
5332398
97302
4653024
2392387
8113351
171117
724193
9070293
8605160
7413347
1980859
730219
4501251
3757778
118640
4103343
3501542
4587013
3860955
4393519
2406612
4474549
3880531
8384128
5342040
8867419
5560688
5817396
6026921
5585305
3797935
1401269
4123857
1212472
6632968
1617488
1162828
7809885
3488840
9715098
513403
646544
9216330
372592
86115
2525337
4997243
2544269
1537765
9125326
5145699
4235925
4095835
3148631
3708776
7838535
3373767
5899190
188058
4886980
7323362
506678
5270425
2761959
2646837
3885629
5227881
2961929
4637112
6606757
2601723
1897698
5120404
1179972
528579
4062222
1374806
9100015
6630302
7316449
4961152
1550655
5721110
4544055
2295607
5121515
5517037
5107171
3185118
8548941
4482884
5783787
4626971
7816572
4838693
8698133
5642579
430918
371197
9358727
3864457
3816233
2142067
8120161
2549675
2059541
5654946
3780266
9020120
7164460
5935010
8534530
6826474
5122893
2966149
9974829
2694404
409818
1375518
852844
7197624
5185715
5439634
7921664
2811489
7095746
7413259
3694176
1022736
4310466
3407442
792161
8155711
5716992
51653
8773236
5180323
787425
1413226
7250664
444105
4249527
153581
5004531
7292085
4866606
9693033
524216
900590
1528003
2536791
5076664
3400080
2904803
17609
8277797
7704790
623688
5029092
7628388
1941809
1944714
8127337
8835174
6307131
4993614
8526642
6815657
2680309
2385953
9640247
9274603
1200502
4630625
8787861
3835917
9077032
1393577
6614878
7871526
2693191
8466217
1805551
6133843
25845
9827648
4736519
1369071
9382447
756032
4920275
7003071
5932759
4458906
9885876
5923335
7977293
2881959
9926078
4635104
9698435
4735697
4698250
960790
2575246
5892670
3675640
7580629
722362
373788
9745798
2062147
8629187
854072
4065708
3521165
880063
4102757
6157262
6788844
1300061
4724157
4776583
8326074
5599597
18912
1136961
8774150
7075408
9972203
9734868
9309549
7622479
5438267
8197005
9835894
4714194
4733176
9123739
6091479
1603721
377926
2894519
2715798
9934578
9265069
5421187
8356891
5694693
1975404
4803166
5366756
7473295
3815961
6915319
9988162
9942001
7320386
3084312
1876790
592249
3032464
3978165
8631055
9470746
8519543
3304342
5000152
2214187
5522177
6732129
7514725
1549591
401261
369288
129631
6494015
895064
7049365
8666147
9138879
7480237
9100754
9615275
4502778
2310001
2673494
2351317
8718860
978492
8443158
268271
1847
2768796
7477383
2522977
9531145
6501003
7777780
5243060
8900183
8132791
377441
5093969
6717370
5703279
2906685
9173980
3665811
1132315
4627049
2547585
8963577
5854149
711816
6410143
4283384
4302047
9878643
601371
9247831
6603587
3126912
20498
2297932
2989677
5851414
4393826
7689472
2992774
2911937
9825855
967746
5149226
3377124
7206422
6778167
8724323
5343953
5048075
8188181
8798570
7592992
8463105
7378609
9912006
6828243
2700699
4562529
9230968
9553324
9344
3703454
4790326
9474232
2255079
4622663
739638
8089808
8164184
8810414
7907411
9018698
4991173
9791622
2576960
6042823
8561153
903366
1174544
5803451
4692309
1707470
802144
3786215
9186251
6010485
1940719
9607950
7938969
6909382
7823492
622731
4532616
5277312
6648411
603389
3255001
1390453
9528076
7269364
580781
4625300
3456541
9723520
5637602
9196457
8918149
2468864
5337378
6742273
1989600
4557005
4876588
1017664
3003583
3507777
3103124
5071496
5502948
4816616
9557549
9585320
4208959
2527875
3148340
2635297
2618759
772818
845956
4105187
4570315
1570315
9397240
8861581
2815490
446530
120369
7881470
5319178
6870206
1042062
4052879
195029
6416556
5135897
9707466
6473268
3803391
4703417
4596247
8278438
3457102
2175023
6514474
2107765
8537225
2425738
7955897
2103741
6403036
4011234
3383182
4734162
8855307
4545372
7804047
1949507
760400
7768651
9386248
3112948
6412552
4557692
6513641
886336
8190113
5772515
5789513
3245364
6916772
8360933
9307054
2055192
89148
8173346
3056349
987204
3139475
4159396
5063911
7503699
9137522
858028
4752622
2239926
5534015
1722707
9441471
2679508
2390059
420254
4301215
6108974
5258874
6898035
4486730
2637711
2152301
1342843
9425719
103400
8531511
5001139
6693117
3410730
6922576
8977983
5977592
7232980
540959
3475837
7709412
7390197
6137588
6511238
9019070
4189488
6270888
3780401
2859754
7811645
641203
4640675
9787054
7496384
5934116
1036917
8145464
5359020
5546788
6138317
626898
6460961
9387599
628673
9669255
6551858
467099
449484
2837469
6459983
80907
6506993
6070199
3860117
906320
7785667
8747781
5143936
4131228
5447714
5583333
914732
8601551
2254063
6677752
6072641
6856812
5013659
9835134
2765675
8442803
8941697
4562080
5318447
1424423
9332666
9277297
3669539
8551833
4873172
2475752
9928348
6511460
5526778
9312093
8258177
7082451
8908504
6947530
624282
8341873
4676568
6797638
3512996
7445236
534548
6887827
7930118
1264045
9312601
3343599
2150839
6373718
7632034
2427797
3079664
168230
2509031
3751322
1261803
1968173
7821016
4947267
4551638
7789087
4455008
4339723
3968174
1750874
7651460
4215734
4882788
9159285
5862145
6703744
4476895
1416177
2085099
4260340
4192518
5469831
1074664
4987250
7582227
876904
2185090
2120919
6456637
4409285
1019596
2405485
4494504
6973349
9294770
6773650
7265727
8187432
6865371
1304460
5238083
4473389
8369078
9359935
1221202
9115458
5095801
6638795
1661456
6789602
1918457
4230672
5381154
5171415
9909002
2401794
122554
7992365
6761663
8181729
99605
8259657
2047455
3350345
3453749
6645953
3827071
8234554
6158915
6601481
4401947
7125230
6856601
2777870
8167190
338345
2284832
7750556
3660427
5789761
3902789
5025402
5552381
2778
2049935
3168348
3503218
7688124
5223071
8349347
9434818
1304026
8678002
416530
18147
6111850
909896
7153342
1807140
3846255
8933775
8392002
2612937
5166885
8750069
7629465
6485791
4537653
9323125
4632644
781172
5631344
9222762
3284684
3523144
9819583
5812195
3864671
359042
4688578
8649708
4574873
725441
3939452
7279974
3315228
3806930
4183390
4606603
5614707
5620036
9520051
4379657
6300579
9590726
6807847
6303772
1347922
9642138
2706242
9020239
5790872
9155299
9039000
1534509
4355288
4439929
4710349
1225482
7064751
8601604
2547767
6527520
9294775
8934797
1920955
1068224
6322660
6417027
4271838
9730271
8718347
6034521
372394
7141641
5090256
451423
5303131
2191500
3364500
364724
8659461
140898
5170773
9423307
649918
9724279
7413736
2503449
9202739
9476500
8342689
2893901
2712384
7011855
1488335
6187560
2113307
9695151
7815242
4697337
7523554
730928
7332859
9648801
4644837
1633612
2405118
9318445
8357395
7553021
6410307
5573666
1510685
9916455
1985898
7755757
9821323
7516799
4894797
2644150
7517107
8821290
653897
6432023
5914567
9179918
9513577
2227737
7896938
4555697
1166765
6360555
3025624
7631132
992349
8098978
7014929
6008520
3710453
8574942
8716868
1560280
9396040
2022604
7924009
8896729
1807680
145481
1586208
2663314
7101833
1762113
8318046
1223622
6108130
9379966
6799465
7932120
4730371
3276613
6317137
7757921
4634961
6639790
8688820
8036234
2418344
3684939
1701166
5415416
5134606
40295
8613487
5504127
3061380
4200266
5813578
1430285
2664768
579568
5874032
2197239
6615809
6327864
1849989
1186398
6104652
9231420
8753244
6059111
5473435
1036046
2865302
4995102
3231059
1943370
2989909
1644214
4928444
2515010
9263598
3293356
967248
5494562
8849891
4434105
7130780
9096895
2466195
8616138
8163660
9192724
9948530
3238179
8007855
5408293
8959275
6666103
2578765
5738193
7719815
8248751
3773536
9466167
9822292
4016537
1335057
5315907
7435886
4213899
4729654
9973683
1797959
9970946
6303623
5379414
8522501
6088670
5996014
5125267
2482655
3228692
3199757
6371058
8206590
6641923
2065996
3442441
9324753
3416308
4473153
1210293
1399916
3765497
5300358
7799891
5473236
8776455
1526477
9361464
3454840
7577656
3519974
6664504
5399973
8132925
9118868
3278918
5394138
9455282
3502228
2742994
6757549
4488464
4420513
3408860
7173307
1162274
4116849
3916951
234867
7114753
1120507
5087239
3424972
7019779
5062046
6249288
9192491
4046031
4152781
9213228
7900412
8881883
9221736
329768
2724658
6339976
5065528
6925039
1412180
2695566
8336396
3844473
6251345
2117136
187598
1965228
9012112
847737
7686255
2772232
8204813
2317261
8981380
4290815
8630264
8039766
7796001
9101896
1099736
6799864
2651645
8859640
9628503
427129
2535250
7971212
9289191
6945618
6335521
631832
1036301
5931243
3572959
6416775
6753497
4232723
66066
9669572
8336499
9469617
796751
7040087
439934
5718219
8122774
283724
6209707
2260824
9408413
8068060
782191
8910100
6106567
6270491
2865402
2600491
5817406
272550
8712688
6037575
3304128
6898385
9500181
2104388
7795319
8982477
2637450
5948763
2627312
5910242
7281977
3729139
9898188
2377163
6228250
6508291
4693352
1235370
7632077
6538098
2927245
1047880
8676139
5471267
400048
1234708
780930
8281073
994057
1263957
9176540
1454753
5285597
7330253
3070957
5219082
7200694
5042959
7607856
6465442
1830320
5632738
2774831
2237051
9109714
8161350
4813198
8691156
3449809
7050504
588122
4234575
6136940
611058
8253861
6193041
6997297
7409096
1649523
353428
8561367
7018665
7026759
771750
4726970
2087141
7313944
3087351
753040
4206221
2920685
4395315
8607317
9130758
3813590
4561300
9613721
4704432
6418374
4836003
7729923
652508
3514610
6511756
4135472
4362644
1108976
3757877
7932708
3588310
6835010
8373690
9208884
8694183
3543995
3208451
9454361
1443048
1935531
6644123
8353685
6878872
5179012
7331580
8062004
3153223
2794075
1563181
8977948
7984613
7375265
3572308
5203486
2773876
2675655
4426376
2466455
9261492
2660836
8051601
2812823
4753262
2768672
3485760
5310074
9660856
8686821
8209953
1514262
520781
5687146
7347177
9803492
5844714
8503949
7919028
6997973
8984383
7220412
7923430
280697
3427363
8153228
5497723
9548861
192483
1458178
26572
2994249
7792906
9375098
4158188
1419901
3284966
4675342
1001724
5009359
861990
2868447
5302049
8906438
2008265
8273639
2279907
350149
154258
8199781
4110615
3463646
7183254
3271834
364463
1112968
5296065
9234816
7432972
3070545
7943753
8487468
8587796
2767578
6702058
3805228
5317675
5426643
5720371
4584106
6852384
7262840
1924023
7655323
9141175
5076999
1625691
9674162
8154808
6938916
8794895
7904379
6287161
13068
1620344
6510177
6072976
3128422
2499403
72417
8137096
4016354
3586998
5348826
9409010
910860
2486291
2384943
4221887
9074614
7334184
7886963
3148939
6901112
9698601
5144148
9938733
4472222
1701420
8127684
4927404
1097509
7293563
3218063
2559955
8683078
5910150
8591200
7810850
7112329
8549449
8529750
8487213
1051501
2389753
8132779
5705403
8558307
4369401
507920
2984853
6454267
8347607
8496838
8969051
6603356
8770539
9240798
6064891
2875848
7355591
2437434
3842858
3429573
4699631
9103836
8117493
6930244
2617081
4691982
9631648
6568121
5142295
4032340
4340812
3815976
8068890
2350490
9154983
2475677
2956889
4218898
1524401
9630445
4701946
4973038
4829368
8383234
3262693
3966853
1105537
4478559
4833758
823009
5412182
2109744
2530187
5653925
3855496
5499573
2765369
4935484
2179245
1288738
6709363
6275964
3978866
3098672
8383375
2212413
4895737
2030106
3705724
607151
3964334
3180881
374437
530430
6942444
7358082
228360
4884406
5133167
6115223
3782549
213501
2859
8343881
8074179
8387246
127777
9409148
7960781
3808065
8619424
7408596
2253913
6064257
1962257
2238381
3721424
3652250
7624765
2562560
2205112
1883431
3290290
1423454
9152660
4302015
8088508
8099528
2748068
4812821
7468784
9512096
4741304
4522922
273142
3471900
8944987
9506265
2924577
3778847
8681698
504536
6019321
7533727
7586782
457813
5982838
1464281
6493716
4436172
2298359
6578890
6271720
4650405
7596499
7572563
2166791
4174583
3381042
4615206
893039
5519812
3393950
7847227
3094033
8677704
4278844
8990377
570815
6043984
2700012
1977564
7381820
1925282
4953780
1373917
4462991
2968627
4308485
6434755
228135
8674874
9921346
464469
7590029
8403763
9195062
2707561
7387541
199439
6518292
8140248
3662595
6867248
1461798
2394403
6285329
5621289
3862199
9760050
38801
7047007
5615174
9056728
4997915
386039
7906755
3230284
5316590
1343024
4070942
4771980
8795697
6971416
1692972
7914861
6870312
9584825
1567961
140209
8995037
2051301
6477555
664468
6603442
8475695
6339275
4931175
5131950
3844193
1668496
3905017
8881774
4580752
7593772
8503343
4392832
1671025
4806764
7959652
9505340
8247101
2317520
4633150
8460713
168822
3146486
4711650
3916190
4194230
5665283
7851091
4218923
648067
9743722
9519859
6480335
1539904
2615075
8946474
4498274
6825028
2818170
6053890
5951375
511863
1636365
842545
4745844
6186791
8624124
8185940
3088084
35816
4847446
2603492
2790948
473758
6228853
1666135
8208357
9499758
2873717
3998050
5263959
9675720
2309448
3762535
450603
6498168
8573225
4836026
713998
181104
3689569
8402355
9729228
7645468
8271212
9809497
7765107
6569482
8885621
8412480
6617126
2628638
150325
1623894
7011559
8421018
2880115
1269035
5516844
7969397
5671066
4007416
6130855
1442152
6174769
3319860
6238688
8215291
1671517
5808164
3383298
2408687
4448962
2801266
9262452
8230956
9976395
6418900
5660705
4510000
4345399
3732685
6335944
1498126
8667785
8576300
2974373
9889397
993004
3171143
1333803
7931928
7837138
5819077
4799890
7879067
8702869
2598819
7244394
2759369
3619528
4292490
8001833
8362494
610202
2524114
9419059
550291
58560
4171474
9752657
1202916
5416478
2586349
3720635
923660
1781846
3662576
7326270
9121233
4414626
6678005
6477235
6064583
1075161
9095461
1434179
3866358
178517
3155971
1758513
285001
1487356
909153
3796742
955475
4451906
9946009
6025797
6129637
5306738
1515592
6814560
6791850
7228438
9519456
5968669
6790163
8705472
5401776
4620836
844071
9185213
4580152
625240
9206001
2530469
9296766
2260444
2229419
2699799
6367007
4229211
3421393
5050615
3824072
8778273
3424558
6901815
1177056
2955214
4677772
1459422
4491637
2941904
1099713
7723791
9239338
1968160
1800947
3350128
4523206
4267975
7309452
4981062
6178025
8257207
3512017
9861983
7390439
3241637
1330972
5193246
670196
6598404
8655695
98494
7112677
5055777
5635248
6136047
5070274
4613949
1901929
4018867
6815099
9147779
7977982
2384870
4598132
1990299
8823699
2271160
4772919
9342740
8453925
8815262
607591
2625704
701497
734289
1167743
6508288
3818130
7275456
6389092
2816540
9943258
8569896
7633212
7735353
5638984
5416288
4369796
8366529
9725204
3861677
6788374
1233015
5196125
7772771
8247776
4396402
3014970
7744553
7744783
9319526
6007608
1024181
322848
2468018
5530833
7327388
1928593
3975378
3132901
3579534
3230801
6082921
1921391
7617721
9241473
4644793
6007971
3444854
3604510
1015965
9776112
7792612
6341395
8317594
908481
1510328
5563710
7430703
6064662
6996379
9566292
1336141
7226694
7489671
8085502
602710
7416892
1029541
1795521
8565722
1511907
3614475
2605498
7284145
2378669
4666991
8141845
2276087
6788674
6535316
8551682
4930581
7743858
6628518
1408072
7941476
7181174
4770096
3543933
2119971
4078510
8210423
5565975
7315469
9496381
1016590
2006754
5382884
7881347
7540983
667574
9247473
1715881
6501333
9002557
6701943
1261377
4731726
8782454
2228559
5820070
6205817
652506
1236575
7747422
2116489
6887760
9489959
2517436
5748314
2449394
4334176
344702
2974508
9165785
3764690
3691110
5340498
7272558
1483537
9104731
6105869
1593094
1251783
966767
9915017
6181809
8922763
7330452
3820284
3861046
809089
2801697
5330623
6417300
2189572
9053049
1426964
8268341
427400
4877993
600386
4691135
1762297
6477955
7814778
6764047
4004749
8801964
256240
2852520
6871072
6679678
5452614
2349810
6643469
1864728
8521459
9918731
8175497
3283517
7543197
7924718
6003424
6979227
5263316
7005462
7935207
33647
9385173
7213179
861220
614768
4546052
2834162
8251501
5399321
7558073
6939561
2490877
330844
8213724
7672261
8613630
1845749
319761
1072744
3022209
9714825
2888337
9028679
3013772
5409544
9603768
3486140
871933
9538959
9647812
3303890
5586477
7817272
3487925
749317
1238717
2923215
7177226
9059573
6006163
9379778
9134680
9640000
541540
3071147
7329658
9436970
1931313
5798643
5473430
9913455
3091389
3154994
7368740
5340232
1686675
6446913
6352085
8458380
302847
1594635
2341902
2344312
163272
3455012
85148
6533169
4497719
3909767
5418068
6804857
8827396
1553420
2406220
2907180
9189493
7324934
8697747
70522
3569454
2043528
2890633
3939531
3280105
3143824
4917974
2561053
1121831
3355040
1233414
7780361
4300394
9501406
3608408
2026830
9807659
9987261
7057294
722985
1011858
4734430
381005
8537295
7496251
752674
6665458
5769363
6875181
7907397
7744844
2940019
6486386
2156307
9877550
323765
3941816
4325812
5131043
461353
379730
651548
144713
2312254
9243156
4610795
405163
1184932
6760745
3194392
9270725
2298490
7651407
5525186
1289059
9281410
2095040
2026438
1369937
9174287
1681027
3688733
6642570
1732012
4194983
1053310
7387081
4512864
9107026
9914912
2723274
4635798
5821116
2319873
2927710
7046224
6044917
4870232
4619882
3344127
9161578
8034418
4111034
4183799
5555977
4042105
9941212
8945796
5879682
7293879
8619719
809951
6113685
3781407
1143018
1261860
4529328
5297072
7548866
2592555
7202324
4819880
1773885
7176139
4988786
1185825
9894308
5562847
149708
417443
5881092
7571682
870535
7859684
3360298
4841598
1934645
1448722
2138136
1577888
401117
4833412
3755476
2511680
7111398
3559624
4528120
5895682
7548834
3139733
7106201
8808911
1347733
5473505
1389983
7936787
8326705
1441792
1253449
9227430
7404248
215633
9209004
1749579
3200485
8729665
7204059
4070669
443870
5107102
8572901
6672181
8242422
7144080
3057505
3589941
6979583
558897
4608958
1775125
9008929
7564811
5480282
8541532
919464
1259674
8490916
8264599
1552740
6779038
7652286
6664717
4690798
7304203
532031
6231962
9676478
8727174
1964201
3781989
2009694
2276863
3250973
7372125
1576683
5906062
7839539
494217
6616753
6619828
6224241
4458898
1872730
1972517
9183270
9405550
3855373
3388114
9443197
7016012
9277922
2480114
2766526
6943982
2823936
7375229
9593635
4433120
8103730
2455637
7917322
5637073
7113221
7572406
2427757
3322829
5495158
7874753
5372670
1068315
5774985
2098292
9491823
3067329
6397063
126291
6341501
6555958
7175576
75712
2568249
7562182
1371344
4120493
7406080
9189146
3186705
3190984
3154136
9651378
9299431
9523254
3403010
2623269
4799675
417985
3480222
7637195
4373235
1876736
3499781
6762599
9668213
6534342
60354
3577344
7032269
3073921
6456898
703467
2635966
7036487
636424
642002
7458422
3541051
9302487
5297623
3298812
1355752
6127081
3217045
1907251
350053
6893432
3002352
4725915
5926445
7347398
2005327
9977427
9655946
7112363
3670154
3911361
3123871
7704546
9592002
8376690
5431462
2786814
8749199
839619
3491450
7566035
1289028
3874260
7829366
5926982
3394179
9911586
3358927
7814534
8158070
6967861
8005866
7780748
790724
6522653
8884507
1857238
1949318
9842277
85720
7963684
6186162
5457255
3039255
7199057
8231590
664500
2162241
4206001
6660346
2570356
7217151
7969469
1383991
4250665
3785016
9327326
8308073
8677080
5438630
2954991
3006923
3750935
343069
6060810
4897527
2769880
2536305
2282530
4558021
6320479
8418005
7431156
3067187
1078337
7679004
93853
2273504
8873372
545338
3042577
4681513
3723363
6773156
5115492
9265253
1582897
4543182
3027383
1911221
3958175
5040636
2245463
4993019
2420500
2132785
1734275
4215692
9276782
5915400
2887481
489911
6018524
9940126
4982460
6435432
1574007
3312041
9327576
1777914
2586696
6606553
685607
4876924
1732237
6159647
6355385
2792280
5455948
2980061
6739924
5669823
5892869
1873899
7986078
8544986
7030820
628133
9218053
65210
9785601
2037257
3892581
9000923
491616
8917079
637797
1945300
404196
5880475
5598607
1044917
6799886
2684533
4554367
3746034
3164742
3707998
6488956
5180740
2052543
5444294
7585239
3609167
8935319
3991165
2189476
1424244
873480
6972987
8707815
5603130
9089
1966489
3107652
3631768
5337792
7257528
5714461
549891
1258648
942535
7703483
1024471
6326078
3693796
4773166
5094977
3445071
4565719
8860631
2682885
3863874
1805798
6560706
7312078
1588399
8235140
1853593
1331316
2959074
9078836
721295
7754362
527534
5369707
2217086
4731357
8259138
4500268
7145853
1954850
8315780
5690028
8073570
9587630
3597729
9215454
672883
4535367
565457
2481367
10587
6104819
4387233
912034
3560664
1974933
9833180
5895932
9231983
9300587
2495324
8614751
6534420
3659919
6745382
1828585
5738436
856004
8277078
8308715
7299418
5775024
6568875
3616351
3875229
9747370
8664039
3891011
5910889
3911238
9195501
7262834
3031294
4911042
4024263
2315139
3486483
9492201
3786106
7523845
721653
9066423
3269402
9671127
1876118
4976412
4649606
3570639
6678647
9511750
2878282
4539363
7802894
844769
2610299
2965308
954009
6743622
5226843
2953464
8808700
2350723
3895815
1233451
9045733
9198861
6557354
9034992
9759876
961960
1063790
9890619
934091
6621707
4430973
7911323
3255170
8215503
471579
1513955
3409279
6506307
4800798
2010623
409167
5443405
5973239
1690598
2901176
478240
45315
1992517
3978067
3089946
9817938
4396016
2803002
9340870
9192591
1223910
7528479
4497513
6599948
4989015
3308361
7998218
232922
9220627
7141538
9128246
9596207
5934457
752771
2707914
2542057
7476349
6259760
6447706
3100103
8923481
1091678
6743126
4936570
9867047
5356554
5794526
6032789
2041025
1036467
8858295
4504487
131698
8852573
672146
4348831
7429642
1515412
7162921
2450548
9317277
5306752
5568248
9716202
3740709
4796667
6825774
8685615
2183331
482542
7144518
9336217
211265
1644052
1641110
4790182
8136778
1494728
7710022
284179
1001425
7479444
3651493
6674579
8194763
2414801
5524891
4007660
289940
3765220
3851131
6595641
2173756
8944471
359897
6110204
1259106
9983096
8478007
7836523
8124484
2350869
2364970
5680209
8466151
5977465
9220248
5353419
1410781
7716507
8362129
2521646
6473317
2245423
2594472
6610074
3113564
8933420
3282785
7226941
1334353
5572622
4145465
4301463
9621866
5368359
1255050
9341749
6256811
4458154
146677
6022892
939124
7700627
1908458
4834524
232906
3624093
9108890
9821292
123181
3767332
8095204
639200
3922365
9931456
7922815
1254880
8392114
7608741
9092968
4817752
2497878
8991009
8753151
2925371
1368473
5639862
2203500
2485701
2378169
7164957
4638934
7840157
2100787
8311868
7740821
3768748
2932472
8514757
7447774
9375604
4523639
8215983
2049650
4440132
9465125
5255509
2452059
5353919
1203682
9329196
7660051
9169271
7116914
4403679
5974753
5073263
3170251
9425160
2662288
2973519
7092929
9775272
2162220
1945499
9627032
1933120
4351981
20847
7292328
1773707
6124515
9084194
71511
5595864
1737004
3760015
7929654
9390286
7132037
5065229
7915079
5908306
7338891
9334825
1657856
4467491
3667548
846476
3149226
4059786
9914800
4565356
4286181
8488226
2228968
8326154
6593312
174786
2084677
4909386
5673717
5142706
2847572
7571592
2822170
9387867
3666883
9532731
989149
6777002
4685545
5903612
296211
107581
8418266
7405606
8185873
8618613
1838097
3011354
4024330
7075030
3698070
7630861
4146785
8608013
647142
2289692
2899089
1508008
7837760
7311587
5627029
7434714
9446426
9775551
8610107
4925555
539520
8679518
2048365
3180003
9816313
3495017
8906005
8580659
1335974
7184748
7863338
4512875
7124147
9511888
3840714
8571011
7715972
1154828
1660085
5136606
3317429
4602516
3413787
9203041
7588969
1808187
3824695
6270456
4398467
1752538
5144352
3121139
3955578
3988123
2788849
9394287
1781578
5296744
4066836
5458039
5344696
8664876
9166583
9116698
5722726
7765946
5310466
6476934
4899699
2253262
5901255
8923378
4079381
9979874
9653475
9046531
1495626
7475086
9107830
144763
861737
2510299
390220
3504444
9636461
1140480
9902203
3718824
4807716
1274006
744262
8049797
9988373
6571479
7121578
9889614
9280034
4816632
6789706
1452183
2442452
956938
7665125
5700300
8166254
9876438
1497291
9396962
4449436
4234297
8732238
5348582
115322
4536586
2688813
6260593
6937226
5504932
8635660
8209936
5564055
3703074
4251690
1744100
4107489
9231164
6176919
1058066
8924329
8290125
9971155
945486
8430140
9611388
7798547
3969630
5824575
4913909
8011510
1905299
4596678
6119322
2674442
2573419
5797327
3141663
6293201
1559815
7686762
3168469
4193910
3841952
4965900
5762468
4884939
3099188
982277
9980541
2466900
7732717
680488
3209870
2783092
6576857
5555623
9040339
9931304
8878862
966390
6785090
2223717
1889508
7380430
8393995
4122820
760837
9007333
1384352
7281237
2848669
8604137
9882920
3783667
118948
5783167
9490055
1612307
393762
7830327
4155621
8931576
3069032
6148584
4404211
5085634
7792692
6907600
9262819
8811302
5655027
8392143
828500
2462441
2530103
6319249
5500974
1411864
1582976
6084690
4599085
5028792
4832957
8217870
116658
8333693
8628907
8178778
3357615
9455749
4864056
4149273
3402407
1877602
5245622
2003915
3820234
9463539
1376161
5948811
8671026
315431
3184567
8340372
7462793
8865557
1243278
4345212
1795641
2004430
1774149
6757273
946465
867059
2644864
4449884
4449743
5850868
7949560
9064295
2299595
2329119
1180699
5084581
5027500
2460821
2449544
4122870
7920919
1849232
6600142
1806730
6987852
3260446
4858569
767597
4576654
5421730
3205757
5960747
1874644
4919470
3169037
7892262
9827721
8649340
6968029
3561798
5536892
8563934
8559078
2745864
9373349
8533657
2367718
5713422
1440064
7357287
8379307
1232292
3258419
7461357
1096883
6955917
6347613
3297476
1373755
7711392
3263323
740153
1845301
9844114
1311024
6981099
9107531
8188692
456169
1388885
3908857
8827189
532547
4249130
3741403
1607059
3747336
5916455
1917623
9175078
1859696
8667459
9540061
7267660
5698586
2823321
3100703
520193
904518
3956275
635181
8789010
6827428
9126105
5947485
3529477
8288980
636496
6431592
8852038
4717156
9232086
7397886
8435833
3081685
5387488
7565621
3324841
3418620
7622251
646628
2826093
5491285
4765462
9080362
216354
3357517
924331
4221010
8837696
4022007
6396746
2372763
6385228
1157269
5968949
3663879
5027369
9053239
6481403
4682560
360649
7575670
5378250
4546976
3419520
7070084
1393201
262979
8814782
8555564
8709289
8424895
589674
3694908
5830082
6735901
7413997
9257608
2575228
2734677
2087597
1159
4930046
141514
4134484
7576040
2635396
6055365
7049701
114877
5928271
7472380
1843644
6757937
763358
9742157
3082062
5357549
8274871
4329086
3635405
7672964
9694794
2333297
2359988
6192603
8474164
6973936
5298923
4200000
7495339
2355468
6928007
7705732
7494438
1106384
4164821
2043464
4275409
3244800
7560735
1556684
6880956
1029601
1765385
2330171
5227841
4580516
1155165
4942533
1520787
7117234
5369742
7263954
9687378
6946697
2776474
9590751
9349332
4101583
2915133
4535385
7524581
2359696
4477292
5874354
1166250
9905173
2369324
7728687
9788412
3556821
2148654
3681536
8582256
4984420
2797219
5656700
6159409
9973808
7181811
850223
6826745
7951323
128635
6471266
7209666
2552386
6143273
1066923
2456306
9725805
4392442
5590251
2115889
8327803
4963299
2184551
849992
4884350
3244063
7906332
7250123
5152649
4769041
1646593
407228
6198034
7020625
5205457
9457630
3699221
5814051
2800063
5363363
4387613
1664425
2154297
2903147
4961771
3343589
2150078
3156081
5637949
5774374
758192
3346953
9727382
7003058
5577178
2567535
1012717
6348643
4028753
6479812
6994711
4341237
6728062
289856
3728854
6925104
8429324
6066433
8487843
3761221
9021449
2967476
3574227
9544962
203367
1316344
3706181
3446015
9788014
6790970
2482476
524638
985701
3680132
8451
6357490
7573948
3931974
4499141
1092298
4475308
498600
8037413
1241687
1452852
7826580
6112371
2858676
6180740
3033192
6246128
7244038
5783967
3576920
3586369
8671246
502260
4437166
8486363
7023504
3548612
792391
8387499
8792125
5164099
8902991
4548492
7172665
8599467
2602343
3953661
7433592
804975
6680475
6861325
9962184
5146666
4043203
2119764
3747596
5081764
5605069
8871148
2829704
4487562
6484045
1161518
9730936
1070648
559560
6179509
998572
2261429
2171914
6259710
7775112
4386651
8962604
9059449
4272940
7731183
6027750
5656752
757839
924793
6488665
245705
5012420
219374
390191
544886
6393725
9384614
5222800
4145495
3597560
9321182
9381377
344585
8807866
4091065
8520618
8244468
5027934
1358215
8912123
2962595
2533618
6116032
5471857
1919334
6679544
9961697
5281836
5111236
8650106
4684126
100478
8076254
4223662
4448416
8954514
5686085
1466703
9900159
1182227
5619343
5400645
8648874
1687035
4834746
8116036
9937823
6582586
7904705
1584955
9345743
7368636
1470994
3180663
4542755
7804795
5864098
4978548
4183180
9520423
3394436
3803475
8359626
4010882
1100940
9417003
1445832
373573
6099826
4363905
5632026
3236204
8629140
64143
114534
895379
5684724
8074222
1063948
3461570
1785499
1638480
3884728
5503040
9613370
1110021
6681281
7766055
608942
9179538
2743605
5209715
3570656
7528966
7998413
2945687
3428283
8989736
4897416
3850414
2423712
2515514
7474125
4255060
1894401
9233769
9712932
8781819
8700647
3178801
8394455
2495305
7914354
9557276
661497
5066689
4360854
415648
9223238
6916837
2399499
5230757
3375973
4397300
5816789
9338031
3768385
985755
6223333
5120583
9042091
3879989
1138091
3995148
123867
9495356
8201592
9129826
1251155
3527639
1245291
4757636
5413491
4505150
7076317
3251567
1293704
1120837
6037836
5522999
8347260
8726588
1334696
1597624
9034847
8452061
2022302
9644231
1380025
8755770
6255193
2850003
9558609
651250
1379294
6864896
6910759
6598752
6628089
1295956
8847090
7176410
2138749
1924777
7641891
4855617
5228644
1464137
3827286
6780638
558819
746944
2789305
568990
7752720
2456484
6488363
4298744
8519346
9765629
4369654
7355357
1620264
1271594
6007356
4451504
3631084
3537405
6467455
730232
5895388
8014111
32483
9789358
5959511
8719681
6851903
6460296
5478588
1627184
1177389
3788923
150340
3648712
5171290
4037215
3814513
8301448
2748971
8950986
7183323
156430
4523297
4226723
1559131
9487730
9039300
8393520
2187295
6798843
5628788
9119537
538134
5508127
1339667
7222333
6438765
2951827
3937353
489569
7382596
5622758
6690573
8348876
2083321
822585
9491879
3137274
4311722
7813990
2832420
2470439
4313025
2601445
5440908
1838404
2966592
1662950
1913239
2379770
9479499
8700436
5829145
4194054
3622696
3766154
7474005
3918041
4525632
9103089
5913509
4344223
5828762
1132842
4555361
575303
1167153
1843115
6874924
4626554
931164
2223107
5147949
2446718
2395399
6108302
193658
655782
3821904
4125141
1981838
2816293
4507151
8369811
8136288
5810366
2027935
3967217
6047639
4176043
3674394
4225129
7807776
3967566
9701328
5038169
4246859
5235840
4133576
2924082
5642918
8846868
7520567
9826729
6265862
393421
5609851
3136245
6622276
6926288
8205701
1349655
4128758
4499024
7794655
4539652
1454252
2880623
3884550
7397527
6094119
5760446
9862629
6430850
9022956
5133511
5588830
8065833
3873404
4525328
6252161
5831648
9240553
7014597
4153062
5831819
511394
9385903
8580823
9161991
2412910
492344
3106576
5988925
576157
3138820
9043033
2140140
7640627
3611569
6282957
8654750
5558834
9587549
6481230
950148
248639
3727091
7475651
6573119
1920235
1213853
7111079
1358057
2485705
2626685
351278
2502982
6772136
3818128
311064
9270244
2429879
6468682
4344978
4840027
8737160
9492256
1167313
9938770
5995547
3551932
5903920
4006701
1562782
6865420
6756183
2138900
2782813
1808791
5014679
4994054
3540211
863074
5713167
618544
5109619
9396075
8977027
2900409
4824696
3968708
6571588
8570229
4314945
9373706
1418088
2172610
599094
3190246
4307727
9403735
664758
9660561
4799779
9816869
2702619
4157790
9630827
8954464
6188690
6219084
4195575
5292120
5008313
6351090
6849282
2836659
8919823
6451806
1184002
7224481
3792512
5143041
4156384
3923073
5982788
5737798
165605
2756387
7745922
4082989
3870040
9252870
7232728
3315286
5683202
5563190
8296020
3674352
7536369
3594032
2012554
5976904
3255786
5025437
7711315
412474
506000
6640102
9687736
3574649
5371226
3211631
3465221
8461499
783858
1035147
8657275
501131
1477396
4243342
1836555
7613114
5965848
3271639
6826897
2887498
5187807
9607768
7554274
4737122
8220715
2054330
3480204
1793292
3042941
9456306
9369641
976323
5669043
311254
600217
6736885
5552993
2593508
5554460
4990977
9352917
4003833
8857485
9808063
4960378
3305059
2715259
3210670
3159470
3161472
8061397
8539197
2532387
8112525
533403
1795788
7634925
6695301
4178550
5993079
6530879
9947910
3654371
7089770
7843626
8891758
9052417
1460184
9329237
8699983
8780174
5816154
7366829
3087213
891850
9488489
7460301
8448579
9134597
8672529
4110286
146097
3375167
3446124
874089
4645651
3146754
6360459
5870775
8067886
3401398
7774806
5045287
5268486
7273521
3379612
3831706
1845933
5398717
3772823
8858198
9623698
3686628
957188
7364054
690408
7825731
6269384
5252163
8214036
6380310
8558620
2452992
5370362
416650
4720897
3145629
231386
7129541
1479334
495576
6557801
304654
4346395
2503123
6792879
4690150
2825891
2737536
4381430
7105479
4336944
2758700
7703267
7791450
8537928
1294948
9691432
5523764
7096837
1214408
4622053
4211834
1503244
4946212
3049341
225170
9069853
7011658
6741509
933496
3889186
1344091
5774923
7071591
6112552
6205142
3324915
8816562
2963114
6797828
6141726
6760294
1583322
2906001
4090616
4180587
3421271
1306361
2425168
9505107
7751137
3469492
6273508
6213833
3072572
241077
2343491
7356835
94832
2101178
8347670
8394012
2196585
9120763
8150959
8614951
4047796
5452759
3139471
8504345
9123867
9204666
2428189
8675898
8214468
8313312
7902351
906056
6508485
458532
799427
4260040
3776350
7065464
7471575
4984586
4457981
4125646
975796
4948397
811192
5718861
2502492
6401417
2297880
3110071
5800413
9036930
2422486
2565376
1961581
8541784
2299361
6061216
9767168
9287715
3086398
6675991
3315648
3416938
2940253
1106935
8708902
1874140
38366
2682073
7835079
4159575
1232230
1698231
1753607
4363346
4680203
1401794
136263
950596
7687531
8202631
6636497
6380124
2746608
9405602
5326404
8668433
5786968
4807061
4724044
1306703
7167073
9456658
7836773
8769077
3630408
9229762
6858373
7659762
3917005
1999713
7472307
6204556
6940278
9058296
7717469
8222462
333405
3015185
4076435
5185276
4641294
1963300
2014751
9651373
4970528
4720910
2358031
7622837
8769263
2862487
5652731
8887826
8283184
7679499
4993251
7709125
2306387
9992974
8967907
8888660
5504286
8173381
6941550
5615601
9121251
7391331
2464370
4342008
7732258
3574873
8585373
5984686
5118883
1585412
841652
7063014
2660603
6119790
9243609
5170477
5059481
8025466
7119035
3471393
1415948
9061097
5955543
7740439
3012962
8759119
2632480
2555063
2141701
2884244
2742250
1962274
707189
6230176
5291197
8717097
2462972
9333310
8453651
4242611
6862480
8686558
4691178
2652307
2062986
6928682
2516970
9914451
5890692
9483482
5305851
7005074
6695267
403048
9915462
4518192
7953032
3433532
9070788
9487424
520489
5542524
8457936
4274138
3149393
1234534
6513557
3582326
7818632
590313
7424890
9878083
9235450
7614654
245472
7202366
1113597
4355156
9152183
4851477
2350708
4591622
3568839
1539914
220346
4435728
470320
9438497
4953890
153465
1621320
5904118
7515775
372587
6231168
8713231
173020
1455603
5328927
8904738
3605922
8945871
8483162
1714033
711442
8825568
7714556
9082383
2884544
7661239
7228432
2759768
5134989
6568020
5352343
8823628
2681019
2639102
1165107
2725438
1173455
3471763
3436116
74367
1475346
8829349
2637245
9817418
7517485
7769602
8957081
1562010
7480040
7346485
1042494
2702904
843609
4659158
7607835
355115
6519733
7245268
3554664
2001932
5559374
5029507
54026
6411826
234500
9545452
7950862
7526942
1994577
6830022
1210951
8948211
5125632
9091166
8469759
8694233
2432592
5960096
2399353
8701624
4011417
5283217
8535458
3292369
4288095
2397070
7429330
4331606
9148911
1462129
7560229
6472409
9184890
831312
5355746
6108493
3663996
8980256
5780811
8944851
7875757
7788275
120013
5850378
583129
7768404
8912939
1530773
3992293
4170548
1977421
3375263
3897929
882958
40645
5929536
6623656
8440127
9586455
6140371
8872942
4661283
1382688
9755878
8881441
6465420
6925278
1704587
179807
1282092
7728418
1282662
9859476
1653935
735000
9925187
4636844
7690304
4685331
1008157
2610636
3378310
8619569
5784279
8042349
6796305
1752778
8309033
2565131
9233267
9491374
8069806
1607258
265774
3882792
2874044
2960452
545082
433785
7134998
1591977
5898431
9585322
7967039
4618292
4330130
9488113
7416403
7313739
4697606
2595258
9302222
8248502
2444060
2090372
4045318
2857101
7160895
8569123
4855156
6047018
363027
5433137
4314408
5675969
6944270
4153641
9591937
794946
8169518
5299086
4116541
9381660
2245499
407539
5395699
8026074
9932957
9088790
1391794
1884975
6171076
3679566
7503132
9958798
4209299
4685098
7396525
1635016
4412969
555073
643389
1945377
6765756
2391046
8872120
3396997
3198401
2010077
147543
6119131
3112106
7848881
7121899
2384996
1432390
1858613
5532899
9759783
2131265
4707590
7756882
713418
8279267
3372971
6110442
1306972
4894468
915778
730940
7262611
8198331
779021
8610488
7695200
7704312
8300876
4815188
4304842
8626921
938520
8924621
6740947
9703518
4531409
9494084
5784532
5500832
3618735
2049541
89568
8742997
9853115
2286432
7327666
4751561
3018298
9096515
1316513
2698987
4536634
2196792
5162611
2764975
2906991
5843413
6851797
5670864
8458625
7276029
554791
4300659
2047706
7601369
2842720
2987273
2194628
9403309
7352553
6874947
3149758
6511821
9168396
4046412
3014424
261731
4238291
7585663
9313467
3869596
6709162
2286711
2841620
2468907
9082855
4328159
8269071
6985576
1894294
9849398
3188434
5410153
7320630
6529976
2085279
6799913
5596498
3612486
91820
4164404
6164145
1479315
5153020
2347393
9394571
583631
7244074
2448550
6605890
581122
7229088
2565316
7138051
2371615
5578280
3730561
7262007
4719728
9636690
9842949
2114181
8919757
2487077
5685889
1852799
5344846
2256949
724131
5082148
2623557
9075491
5020034
446272
8853385
4059229
857700
889528
2707056
6258294
465689
5115991
3376859
3530922
5003052
784930
5248872
2948645
5050944
9657974
2586360
3250268
6392189
7644373
5104525
7552129
3021619
9494296
7484259
1812375
1266300
6738430
8880344
2226563
4836097
8103916
4589629
637088
2975248
3817167
3978249
210152
1639104
1777030
7041597
4735750
612244
1911429
9012989
8001454
3932663
9239030
6259471
7424528
1579747
7967310
9983811
495012
4176740
4273652
2430123
8980413
9290757
8716113
9786440
8382751
3755511
9466103
2087798
9487591
6689148
9805436
4532855
7307717
9378074
8464886
2685944
4848977
8472099
5380901
8414622
4174430
6183639
3266949
3420333
5160331
6215480
7256969
3466129
4365768
1004799
2064952
4034824
4699999
7273032
3481168
9949241
559776
3931578
8057324
906839
2921124
7087231
2835588
7057970
1350360
4602271
2379273
9309509
7819198
6469253
2903219
2052366
7952655
5494137
1311873
9905039
605121
975324
1824961
280601
9095514
3012661
2006412
7771533
9211175
5212552
4899916
1883247
1159693
6799761
6768548
7362189
1468911
6522080
8566385
2959347
4875260
1676546
2958300
9139440
8558566
4477546
7243667
4829746
1058260
1880488
149269
2609412
912966
2995700
4821575
2722174
1721942
4980960
8706331
7287921
6971101
7100457
3612458
7283911
2386300
6113541
8979688
8402191
4424060
1283043
8565541
2194306
2341853
1567215
8073895
1155882
9374663
1305766
9511359
3132900
8416393
3161272
3921642
5825994
7464285
3423447
7924839
2539892
3607795
5876115
2489644
6831259
5939431
3967477
9685550
7870855
8957518
1457737
3348842
9094294
8309699
3972348
7535313
2946175
287144
4344891
4246817
8333325
9056331
8188446
9665049
1663194
2412792
202918
9922424
1268325
2972828
8334759
9874592
2074725
4869568
7962855
7717871
7269743
6859990
5661482
8911994
411180
2359097
5065143
8683879
7283714
4693363
8474136
4990828
54986
2409456
8853590
1229130
848842
7554499
7143275
9451205
614358
206250
335525
7437912
9043236
3688604
6642223
9794006
6413512
7883391
2108246
5322635
6542694
6629039
8347608
4055022
3187406
1259956
8727669
2528087
6407025
6597982
5670919
9856966
4535786
5700035
506087
834667
6752475
3194413
1349939
6046479
1090299
1749362
8988766
7251671
4636398
7462026
8221257
8080523
6660456
4814169
8872309
830119
7382107
7831645
1941516
6973817
2962024
3073911
1219159
6990711
15150
5910828
887812
7669623
4016563
6321306
895526
5773842
1252268
8995051
3494712
787313
6294311
7878272
194970
2964519
1113353
7963381
6558353
2879074
2306882
2466663
4788014
920847
5756066
2964992
6725751
2364324
7892109
5913295
3479881
7189432
1868502
7752655
4005741
6603708
611292
8629542
2835890
1264685
4390614
2453077
7363557
2383775
5843622
3693883
3930529
777626
141500
2082275
3286661
4245961
1181710
9311635
3079172
5611921
4720423
2323644
8948619
2974998
5461193
5117443
2971155
4415070
799159
4902098
9931543
5537447
1695198
9997373
4979012
1723675
4581447
3031570
9991263
6226463
291540
779531
646323
3164670
7962606
1183884
4460652
6038565
674967
2463068
2245539
3798196
4307851
7426471
6923906
6995781
8126305
4436461
2011496
3127677
3916409
4896385
3271887
7101010
2906729
7274024
9712223
9110077
3542113
9714320
8081070
8967305
6389335
5601884
6944009
3582124
3003998
5368815
3682064
8541354
4721506
5244449
381749
5330769
4198744
4782591
9472087
7073063
8224723
3524564
5625545
3789635
4805082
7996478
865631
8079868
2828871
180684
3380119
6765032
9353779
2599245
2099330
3303667
2877072
7743823
8298673
5240547
6527102
238783
2930965
117386
8661634
2159688
6702017
8917719
3120544
1697013
1891479
6873205
4606121
2016554
8365217
4681863
4324637
9762528
3424545
8806882
5508332
3565258
4423269
1499417
2702935
1792136
667938
3197465
827992
4960793
5698230
2123453
8434529
8965134
9641137
9516257
3376474
2954697
6676264
9981071
9511253
4343915
7492340
7369541
5993618
3389629
5042892
2452922
4621382
1196339
1410326
8556810
7787454
6367912
3684414
2877491
9764981
7370493
8178772
6846397
5205732
3208308
6667648
9065982
6103737
5546815
1094927
4385824
9305835
1964750
7467655
2872058
1963261
6426699
1287765
1912862
241953
8623133
9532004
2585570
3225496
8569140
9171988
4721555
3075435
85785
1865160
4913084
7519356
7138387
1924521
8406720
6388739
4423245
2576094
6557630
4575190
3718195
7565536
8476179
9450640
1850312
3422726
5502593
7583841
112981
5528265
9403990
7973319
2457119
5511206
4387177
5161374
3531426
5334889
114161
3680704
309766
263779
9481580
4637694
5001278
2221623
8559007
1111078
2538725
3856936
5061742
1172427
1124498
2728576
7120133
5085345
4843024
3443251
2067176
9304013
2120751
5877482
7021523
7916632
666622
1123651
6676136
4149507
3882711
8139056
5705763
1065649
4905744
5331622
91825
2477974
5716792
6813364
3744567
9377872
2000650
4396112
7102384
9419614
7101622
4872434
5873764
3494541
9562918
8218947
1593666
6269674
2598348
3052763
5526770
2978768
4230118
5154631
3271047
557421
7283225
4444074
9047742
9149014
6125382
891040
6392973
5370328
6041833
6515688
527243
4935245
8864062
7752436
1960631
5384155
1457246
8256471
3432932
2102256
7673729
6141773
3168265
5911616
8543905
3827499
1870793
8425248
2370569
1892181
4245563
540324
8590991
9704722
2081127
7535403
1512694
870449
8198726
4866718
6431331
1077811
2291056
2921924
4394387
9072200
9617553
4436478
694059
3983577
5819627
8242162
6057237
115561
1576235
848681
4374616
2278182
2089983
7079885
2440588
913468
5584790
7310086
5683146
1155485
4396084
6938435
6986262
4155805
2284265
1550410
4458862
7069256
4667984
8769417
2811301
1721828
7230917
9334631
2777008
259489
6433886
7790608
966367
4444528
5943963
259912
5223068
5659462
4046409
4139649
2397727
1554730
6558679
3381379
7072853
743053
1059557
7786945
6072903
4250555
2591490
6096557
1361844
4577104
5061992
2778911
3618632
7112108
4881548
305073
3249637
3756306
1438267
3702574
8060144
6792315
6509759
8099738
8094449
9676182
209124
2330842
2046715
8654765
4635293
2187247
6129197
6399146
586005
608157
5772288
2141633
9924457
4658601
7298424
3450824
1119300
9166921
7880665
2658542
2700407
3990397
1131078
8462722
5323486
664163
1612149
1860013
8361009
9545830
456331
6402486
5852386
9996073
2091356
1238650
9903570
418459
6040205
6681737
927226
3441875
4788768
4067281
2202997
9145647
6297434
1893024
9724352
7557893
4873944
4593488
5892592
591981
833034
7366622
7531052
811146
8807295
5363267
1566028
6704366
688229
3143300
5590704
6616040
1643880
8153239
4734688
7312477
2065304
5629355
679772
8197480
4004109
8946950
4924115
672952
9024473
6995908
9573083
9717346
3655628
5788212
1639658
6448197
7964740
7003576
9441269
9512228
4545850
477704
5190987
6123250
1029651
6195359
6824922
7663007
6852564
2409410
3712489
4397150
1478828
3120434
3268310
7760726
5977018
3861296
3881639
9387795
3799734
4796928
4204958
6962889
5998172
9624308
3374298
8276241
9127389
6184718
883548
9424642
1256373
706163
8026551
454518
4769728
6489958
5304331
589435
5907123
7319120
3883762
7743235
9531378
4582989
3069721
9591964
7738024
8790235
9109803
8112194
4373219
5332290
3486657
7530486
4888008
4724069
2732967
6416849
1493947
9606978
78322
1975896
5330610
9800164
4155886
8622409
7577491
9798907
908177
3668644
8395701
63206
5676863
626773
7826599
7391347
2961016
6559965
703867
3817389
6243337
1114056
6100682
7835252
9358053
2919851
9632389
274419
9132861
8199068
1516178
6403261
8403855
1475463
4260033
4483502
3756535
4599359
6687799
1254550
1974557
1743283
9077413
178555
6513014
3203814
9352546
6074636
8081931
7592356
1451873
2074217
9321921
2930950
1421991
976643
7413461
6355033
2814884
7482686
2993453
5803935
5285073
2935562
6373076
9955360
897187
9187448
4344020
7823476
3469487
2023518
3285607
5753028
257972
5517153
2612139
9036522
4480228
119818
3994881
5455110
4729840
5130451
8053433
6595804
2531786
6759207
888404
5372698
6134624
8084691
1428608
5822384
9602284
5902840
3259875
1613971
5200744
6993481
8387451
5422590
6958087
451271
2488266
2983502
7732677
3642030
5857225
3539348
4664833
3552160
8483605
625600
7287187
9871741
6676569
9993339
2583861
7448444
4574515
7350247
3185426
1007120
5225975
409633
8129133
5342526
5386019
6509960
5767011
9559319
3011730
2037562
2743182
9229554
3406715
954983
8090417
8580935
830620
9038945
8409901
5393183
1768974
8744740
8706227
6961861
7286977
8846893
5389674
8504145
4542623
563048
4205258
720211
8420353
8971104
9751193
7024978
5206462
5354307
7206644
8464676
9019384
9908375
2597962
2917460
789807
5432167
8178927
9158814
4007827
1876865
4324929
5234772
5709744
3562139
963680
4611741
7556896
8026721
4227153
7840477
8471137
6663747
2586430
2349646
2544166
6951177
9461235
8747079
94912
1368626
1768490
1816017
1087993
6503131
4886031
764721
6971631
3366455
7985431
3978858
9576616
5234921
6994143
2018307
9417065
2092823
9821009
6177622
7466852
291482
7039902
7851041
174509
9933760
2617278
811982
385792
75158
5301816
7281274
5378083
274141
3117560
3361836
3941274
3320594
924070
2566739
8763545
9615528
1882348
9774666
9244822
9114525
8209005
8787538
4469035
8397712
7800304
3206861
8409698
6302895
4928362
7029058
5900332
1502962
7441815
2824046
8355000
4477256
8598725
2466614
7430984
2207049
2926078
3646065
3810560
2032934
9328365
9190613
8576731
3670724
8591239
6040614
9129644
5992058
7430910
445177
4998987
2464475
7112832
2681837
6082829
6436926
4211510
5660485
7438839
5220392
1676040
5109202
2343358
9793882
4712756
8780266
2067243
6951838
9395016
4247636
9670301
5261180
2100068
9984568
8668644
8417800
8107478
9646695
1326407
1492067
7398772
9400345
8621607
8036498
886505
6785628
9539616
8015832
9749664
9861009
3188177
403043
6288249
803706
986661
3358030
4646210
8434089
1005454
692026
3235013
5147738
7511040
9234732
3762784
4421791
7527670
1251495
2934018
5627579
2784541
5128622
8428651
1472345
9994698
9227953
5720353
7408979
2935862
9812020
4411788
1270606
8714329
9925863
9158242
5646534
536425
2723632
4026325
1824839
1787304
7425848
9443454
9564946
8149319
6255982
6540484
6616123
7069974
2841387
8169564
6253496
8877791
6555717
6621821
2576059
8915496
261404
1305201
4272003
9343560
9245356
6778975
7585555
1178579
7332431
9585959
3087523
2377554
5362586
6960595
3855538
4037711
9160476
8597659
4596798
822072
9708221
1894909
5773526
2813857
5458875
1700194
9599414
2385574
1530148
1884762
2026585
4618921
3084822
8157493
5971465
1019960
9594256
6213222
7703607
741007
4258457
2972447
7214716
5778134
6457134
2334854
8086998
79246
3230477
7658875
4290372
3656918
6951088
2895743
4326122
9653502
9105277
4243935
9375149
6404746
5697315
7140091
3251807
5327384
5703893
7515249
8799749
6583644
2798577
5625139
5973883
5901906
1681646
8992378
9347956
928705
7216674
2884662
7827554
2449922
3298916
3805370
7353424
1695132
1757557
200375
5760355
761149
3777161
5842275
1742565
3713031
8483321
9576878
5834976
9600405
954
9667700
7654398
4709921
7024643
3423694
5496235
341623
719332
2699088
1866162
9553475
2152158
6160640
9320270
5733214
877896
5040276
3994720
425849
2716090
6062066
5825831
3595544
9332293
6811665
1081696
7553784
58849
2358120
1195772
9025290
6879650
8515059
2386398
2874494
9315489
8248393
5161364
5700669
7955413
6487754
5543326
594195
7511599
997377
2897242
3581147
6706670
403667
9157328
194292
3295640
3157815
7850509
9416274
2353395
5079653
6231469
9708558
9252668
2325202
2018257
621360
5416709
8195033
5212445
8461656
7744090
6069119
2899536
2610361
5856720
6731634
8507549
884652
8497724
913942
9185577
6926988
3481312
1804849
915262
5004639
3823817
5147732
3471977
8896171
1651019
3024545
3343956
5462780
2872906
595307
6168516
8316333
449011
6140069
2881783
9563312
472926
2336073
8360976
1677109
8449953
8365859
3304201
4661031
3376412
4033973
8931176
7428986
6168487
3416753
4640426
4077868
1221460
856398
9908280
7321029
9037547
4946182
7047952
2764079
2657387
4891478
1364538
9381206
3181522
9149525
8133826
7714509
1361676
1797726
2465291
8445833
724175
187387
8813994
7909162
1561175
6866262
7090319
2398291
9860480
2422186
2409409
6200304
8378827
1438665
9873606
4464467
4783202
9267208
9768204
3753656
7283029
6691279
2733219
6804636
5710116
502054
4394991
4019117
542893
7493087
9866193
3768199
6684007
5872804
7101868
9311355
6556301
4833953
3108264
2925542
913047
3792467
9105550
8572045
3063744
7319614
8201753
6812530
461686
1854704
3681913
3192228
7235889
1509634
4984654
7280678
7528867
8897319
9479389
3004089
5736585
6281982
620571
2720586
7413937
9378388
1711618
7617915
4442053
2834126
332359
5967196
6538521
7044049
2312692
8465731
7926415
630880
4257682
2711845
1328751
5955096
5172020
902038
5253493
9133747
9793114
1070823
4053
181904
3928857
7790189
2976322
6935306
7954316
2936608
2791531
3478551
8086632
3058885
1365335
4502652
4390741
6144276
6458278
5714038
1059019
2301936
6300238
5599785
2964873
8529097
1529376
3152378
8685052
6738124
3035712
3058391
8557608
5613865
5485676
8373689
2489033
4148204
6181612
8207050
3638986
544741
8505977
3820535
5788736
7026459
3731451
3609638
2529883
2270864
4944381
8641902
7364098
1903872
2825043
2133001
4495588
6704649
5658365
5090976
4325176
5050589
7325311
9843454
341515
2356710
8580656
4368754
6824770
9903832
4854360
5173268
2304684
6256786
4906978
3339104
8160084
4924937
5220215
3387558
4952171
6973166
9457868
3500865
7316452
6874930
391884
5488426
1860583
3789023
7846373
6619545
7132348
564138
7074155
9737833
9583793
4041849
173908
1649664
3320282
1818730
5298231
7973843
2697586
2683827
520869
2052295
2832868
5160288
1034156
7466250
8479868
6474886
5623049
7947588
28669
2086105
5489715
28074
5122695
9210853
7756053
7482105
586874
5304084
6528750
6898163
792250
1772844
2061563
4524833
5551185
8526184
5393585
3411521
4629090
2561606
6814747
6684249
9375498
5260698
6301692
37163
2600342
7207186
8015559
5193820
8591147
4415457
1852735
2315197
1910221
2434599
2424101
8579481
7689751
1236836
1492784
8671036
8452835
4986722
3550066
6663368
4536756
5973513
1623338
5104068
4192863
4428112
1520296
4575931
461248
6842282
9523171
4909942
3278163
4138452
8037128
6879202
9596122
7101128
2034488
7614199
1727040
1669135
3301735
5810235
955418
4713751
9408985
5007485
9151917
4365482
3128775
690674
5151860
4758828
3124101
6897778
7785820
2448452
9449894
1129201
7403918
7966279
9586572
8457635
1766299
8198192
5619848
2317491
3534701
942414
2477503
5463382
5067832
6733369
6018092
8618170
1309395
945451
2040317
6009712
6690508
6524512
602676
8325499
7615393
7947021
9597634
2208913
4117236
9336258
7312976
8284241
6710788
3567093
8300869
5308585
132412
2974081
2904641
2836252
6187152
8371719
6038089
9638080
2944478
559800
1251745
7946590
4779526
1559987
3005523
7061269
8736675
5111773
8544464
7692966
1028721
9616937
3351457
4173799
4493420
3350274
1740050
2969917
5424915
3394898
7446552
958760
487702
4737637
2847455
2048016
4900382
4129734
291610
7543844
2599978
9669818
8960310
5144102
171700
5332142
7184111
5858522
8881205
6697390
373375
5446219
5038602
915492
7954804
1703024
5650712
68360
6454365
1156360
4111453
7592110
9361996
7340474
3345040
6537035
5365803
8816760
2396877
7956491
102879
1805730
7234741
3467509
6657962
4623778
4456220
5748363
8951404
9659382
2052194
8312361
5508518
8034315
1341357
9122895
7798593
465417
9812578
1578140
7401304
735825
5730984
3565595
1994783
6398241
4687959
9208066
9785744
195790
5754149
1998284
8264572
9800194
4873851
1292439
7736424
3074681
9839016
3507628
3837660
6022589
8564980
1850134
598389
3599711
800661
9165833
6434783
6500309
2433454
9897109
8271275
3984006
8480563
2398371
9127928
8359359
8347767
2575359
5761195
5657384
2023376
7388302
180545
4113168
5242717
6722758
3313284
1257233
6075628
523586
2005980
4937065
9666557
4977484
7859490
3733562
3457194
2682711
2068656
1018507
5445617
5239166
2505813
6643620
5441141
7492433
5468327
4407535
6065969
215439
757914
9926918
4247915
3153589
7511838
1775471
4914795
137689
289198
9951471
4484477
8663315
9250588
3381975
6752959
8473534
8416192
2501442
5775489
8582552
6234826
8985124
376089
7257038
7221078
7162891
8435627
8717977
7343776
9833864
2491808
2072407
1756718
3322748
9584524
1058321
8110226
9219931
2544201
6761067
6438490
1840613
8931588
8902737
3011870
9457963
5325264
242610
183486
4288443
5955039
6458442
6012210
7682284
6991278
978318
4617274
4014292
7464898
7878114
394931
8516266
7605026
9847296
7081765
5685102
3298068
4743566
2709913
8901825
708910
9295268
4181645
4804432
6553774
5952288
5842675
6783296
9049183
1381433
4204470
8988807
2094982
8228632
3251992
650881
8460488
8891869
9698150
5791478
6621964
5544060
4577887
5807895
6527150
1779676
474363
5054133
4370718
9055363
790070
6265032
7298631
2775649
4428467
1153070
8342467
3451813
8747512
4133564
6493310
2343085
5907261
6952576
1020227
2829414
1948597
9755096
1844344
7270526
1713671
2122686
5543560
6297498
7550406
4490668
2638787
8161769
7961308
7337732
5824399
8796011
3759078
2272139
955040
1034884
4146390
1053803
5154778
6262078
32264
3039403
557740
3209258
3626408
5682030
8279364
5858270
4827129
3180318
1646253
4388449
2645855
7913288
8753080
2693965
4193212
9120357
4747384
3672727
7583282
1677511
3693855
911113
8859772
30116
5334811
5338950
3467276
5214086
1278921
3655066
710657
2212006
9567800
4592254
4834376
8003423
6428579
8303191
700617
3425528
7876983
865812
1303223
7043090
1782602
1164157
2300165
6885886
8651133
4844580
2494608
7496384
7153960
9203557
6384492
5594984
4305132
2506593
622079
7942431
2881014
149440
6614857
3013510
611067
1383702
950152
7293091
7576026
6338319
1856240
8414711
9991786
253502
8970243
8837523
9543707
6591981
6505912
9642078
4246642
5436298
6616534
206739
7132280
5910551
9833628
614199
3212404
2867408
2862799
4530337
6058714
3731387
1067924
9891159
5279316
7474172
3318722
9110521
4333844
7664443
1078060
2842177
8059494
2570809
5778634
2218922
2384945
9919989
3730880
8822309
1720699
4563815
280170
4096118
9078410
3696355
3888256
385959
3402329
9314345
3784207
3012086
1777787
1885806
5985717
3576100
1056940
2945758
1124848
337293
3428222
4453798
7499985
5859056
8206988
168995
4158273
4328541
2170744
2657299
1244706
3199274
9414944
4458708
893602
3209440
4654616
1103132
8943857
1643555
8738764
9870751
5792771
2461193
6533992
8069679
2679081
8159581
4958504
5702764
9441612
9507918
7467769
1323791
9906466
5016220
2924307
1668914
5082319
3253133
3889000
1105923
9532462
2100087
4990258
9085595
2365807
3200202
8002149
9475084
345555
4285855
641612
5318117
9511935
6020044
431076
3421746
4923955
4517319
2469699
5860512
4097600
4550984
4078932
1915377
206712
9443314
8113432
4004639
7777995
9284075
747251
1108920
1857042
3664390
2182147
5987341
961312
9745344
2828613
5112569
1267592
5416319
9395882
7717496
922920
6735421
9300191
8311907
8960894
6776301
4079484
8811330
9227312
658000
886075
8138998
4470756
4727293
7041846
1515959
6830306
8579405
4381753
2487694
5233255
2062903
7520169
6253211
2393996
8847813
5875337
2359909
6804872
331812
6943324
3658506
524936
4864987
4176300
6269774
4876115
2243152
9662753
3425167
4846411
1802159
2026412
5468243
6676015
6483839
9471989
7886401
789761
2277534
8208738
8238290
8475911
8670830
2518438
5748794
5539977
3131906
1145635
9230446
5148049
2173417
832920
4458514
7021998
1915290
5157127
6473630
9887525
9012146
887042
5597232
6545891
7447374
1263403
3148439
5168189
3003710
8056244
3793835
7211393
188674
4201536
1020024
4531460
6580329
717194
4767523
9767389
1431373
1896448
2294743
7317290
3858861
2055128
6722633
1516808
321094
9659117
2191804
4061651
9533588
3192525
7204345
2648383
2906006
8068674
3439002
2426946
3844328
136310
5067700
6422400
4011249
4413642
9133828
3886837
767715
3657967
1465963
2044713
9114929
98921
7969534
1437890
2907712
816727
44363
2435096
2424534
9718468
2208683
4189847
7509112
6096679
1212075
1610191
8645260
8181714
4917169
2542129
8089386
688318
5250169
1754767
6547624
6404348
4856153
7306418
4690314
819217
4533257
6615199
8547749
2034962
6663471
4495164
7638459
2671172
5920729
544429
7551259
4370664
3291871
1415388
9298332
578405
7242936
5399296
2082208
299483
32664
1228269
5599660
9778996
9684067
4549230
6246808
6428377
1611221
7345871
7821083
5294981
802273
6077429
6717682
6137595
7070376
4790581
8476593
4208515
7277521
4424970
1644834
1241006
8281018
4007893
481505
3881614
830977
3268579
7518787
2902826
5660970
5192943
9439231
7764184
2062710
7055220
1439111
7185992
7913978
4808533
7860792
4273321
2914806
6748629
1805201
1900995
8488438
9472320
9555495
3934542
2850049
6774574
9038462
110832
5515999
3600173
719272
7141401
2062665
5687859
9284122
6897269
1001522
6774658
9748560
7140126
2573762
2080282
4983090
3680440
7612964
2178508
1711000
6069522
8069601
7246378
5463192
3723880
5708597
1856553
9093568
1695640
1410734
2254200
323266
4089057
4038005
9993956
9229314
3878104
1441116
5265985
9695589
7467575
398298
997657
3799823
5774597
5103220
7254617
3843173
8951512
5154806
3143050
3770465
5774758
4479724
8138379
4113669
3019511
9652963
6152281
7057844
8623880
9963275
6656948
4344949
2963223
8980636
4200385
6514854
8722159
2530762
2020994
437229
3584707
9743654
1797050
8891805
2470079
7314593
1262738
7041453
4132453
3485221
2143323
1611264
5154928
9515037
9588957
1839286
3299276
894446
1592970
8693759
267652
1064380
8340683
3514571
5856283
2502643
5519207
3011960
666194
7045923
8481388
5225590
609515
3833172
1935728
8612147
7789967
1459370
8898849
8230854
1208192
3616254
7358817
1984438
9325762
4143235
7386453
3899891
470692
7384501
8204693
7535598
2589836
1243890
3636738
1679851
8335878
2192336
8058665
9720560
3000948
6535422
7905267
9745711
8355517
9272452
5048645
8242127
9407213
6387148
7028064
1745242
2216081
6757568
4989085
9768275
8703886
7874627
4644389
4317831
3375887
1822698
7483338
745305
1044210
4489827
9452012
1659006
8774566
3716275
2531273
2777127
4032235
9764808
7806284
4309788
7205076
508144
687842
9371347
3373531
9246828
8280100
6717958
7999773
8184718
8688374
844711
1240450
7637569
6551275
8208194
5768107
5979344
2143556
4014783
4023335
5115087
3204306
2916745
5794224
1644786
3199093
3470964
2265723
1181306
3469519
4208696
7419923
4748112
8426824
4309134
5128296
8628036
2761526
5796916
7881340
460089
3594305
2479108
7845152
9030330
2871708
402344
7913777
8179816
1277237
1978457
4681338
4845718
9836530
9724979
1425305
6187106
7294198
5830530
8282571
7118855
6888976
7422649
8579774
8155579
3849313
3568360
9367604
4098752
8066872
5060343
5672966
8380404
4525485
6541816
1340360
6869137
7194888
1978317
9914380
9460417
8082154
3157228
3526177
4429036
8989986
1266922
5849429
1213219
837399
7783066
3994218
1547246
5617026
8872804
2081716
1860882
8904960
8984430
8802675
830595
8100616
6868129
7170231
5186607
6156391
3492902
2106889
654427
1478177
4637253
152190
8984282
2590773
2059470
3209338
2161947
3676920
7276678
4668846
9655696
4162924
5046718
7107349
6193544
7191464
4507814
3453321
6810845
9851024
6836348
2645900
6027891
1583696
5634662
2562679
6191613
3561501
3570237
7020320
4798146
4752549
8099371
2353790
7169151
3647447
7251589
9150446
1582407
8947216
4555090
3989940
4319278
8915460
2298064
751826
2796434
5532427
1736235
7415365
6935941
7497561
8311221
3797470
8044637
7892433
6198450
6835337
7731135
6122480
9431216
2231278
4171746
1942650
4048735
3660241
6525215
2417997
2446375
6800155
3604261
1807799
8251491
9520317
8803873
1009579
9637589
9411065
5065933
448897
8559583
5768687
7377006
2099138
7223504
8410629
7096546
6490880
2754386
1564047
8556033
562460
3363099
3474715
5601448
4107247
1743803
3267786
9778659
1852352
7007316
3338005
7354126
5556779
1415342
6190145
4904158
6981920
9272256
411518
4055196
5152181
1789498
4683718
5455176
1043613
4061005
1303999
2194901
4068285
7350958
2235538
6840589
5604208
7606633
2320857
6350130
5173185
7794035
8487291
8331334
1576460
8354722
8903444
9689908
5530186
131279
9396462
1587313
2273605
2004478
2288217
2962430
2232618
6251637
5726023
1057315
9936094
1981906
5243947
3761546
1279660
6289194
4869410
7521551
8228174
5419544
7016276
5013727
1542610
5104508
1801698
7833294
5762236
7825849
2618341
7258203
4068877
1791792
7177197
6585702
7296739
8718405
4153860
2066805
6916193
3088303
3151949
8526490
5864149
4887793
3538521
2886754
606287
4173641
2144561
6356551
5165796
9241381
3312304
6435975
6274052
2838240
2578046
5898381
5292438
8152716
1441806
2267102
1151847
7269352
1494318
8437641
1054763
3457254
2225065
6622456
9173193
1904768
5502604
5875142
1587166
5163065
6273596
3187780
6021531
873818
6164464
2337927
3582486
3195910
4906862
8443381
900564
2829019
8393033
763507
215734
6754535
3144455
5690500
9868030
5739391
2877824
812445
1190209
5665039
9779495
9185981
1809461
9344591
5197951
2309930
4563398
1027230
9704034
9660643
6496331
949276
2479515
9492821
449513
8833782
4988899
8717037
1986685
9516800
5451034
6268706
3338863
6444662
4581307
8861679
1042509
2357942
6568503
6720634
9048815
8279658
9593663
9239228
7770346
8345821
5105915
5235392
5170441
6517562
6863248
5746310
3668278
6319650
988270
4124959
5412253
5652085
4352484
5054701
5046294
1505424
5186827
7946376
1001540
5597139
1042371
8391222
2312498
2993219
3550918
7992623
4290202
662638
6118564
8515116
7419708
1745653
1461071
2373689
7243665
8567044
5027270
5572435
1599623
7473975
7138297
4826316
5090071
6823974
7394459
5478155
9586731
6457570
1570261
748062
631619
3304434
6927460
5048038
375343
2337505
5588466
40530
4593798
661273
2644876
543790
3956119
1828399
7331158
8450849
4507685
1543171
1677768
4625654
4292352
1697800
4217122
6393993
8177956
5176530
853584
4658027
5620540
8464735
1491042
6888620
3867314
4429098
9434953
5910284
536691
7849538
4790477
5950310
9315452
5277490
5046592
1827553
5110635
5479877
435940
7552505
3495275
3014477
5169636
5369438
8565002
3439732
8253213
401993
4960631
6000520
32808
1617811
4379535
4250125
7348700
1994465
2261728
6495517
5925423
4764109
2355824
6026967
9290559
5908729
9548140
3095611
6723393
3037817
9917171
4279911
9214313
2060696
4198032
2555806
430880
2983041
6350828
7331981
3716609
9917524
6228115
1462792
2597293
3367377
2566040
3718496
9982731
526541
6466154
209528
4604070
9318110
728851
7220209
6158963
7240908
4260811
2796326
6663382
1565742
631274
7199372
2791638
2421433
6166362
3275722
6962390
6482279
3129958
5199287
8230595
2045711
3169938
5235592
4682016
1231620
1613270
7111036
9901199
7318552
8489362
6909543
1184663
6256796
1608535
2936426
2146635
8663201
5043723
5348516
5892640
2086428
6596843
4160214
3835260
6171476
7333144
621438
2496766
5752358
7730992
3198677
4890075
4624451
349065
9249560
5449135
8213769
5573109
5613451
9489469
6435783
2742709
3433620
7513049
2219392
5442300
438259
6955448
296020
2745468
8902667
9960292
8584800
4795317
7907236
8108139
9413167
2775758
8946340
8442757
8382330
6466009
8123358
3426187
2814352
281608
3469095
9510485
2305138
4972166
6312108
8765164
1498439
1897710
1033022
7401023
6791413
9319179
512445
2670350
8425107
8104958
1110413
4001534
4339949
1219090
5085140
9399390
7670810
2927916
2111622
2660134
6680597
377845
6296174
4045627
6187107
3767827
9483891
9798403
4254360
7183390
153299
7746356
475761
1359340
2966332
148597
2276999
4804816
1358060
4229926
9209310
7793987
1481686
2711550
8155130
9676591
5312722
5250794
8014274
9449
2689387
1586278
5396514
7492890
5835036
6319759
132075
3722746
8083058
6501378
8415917
9573317
3650184
870837
1299775
7705401
2481942
8252744
5128755
4130495
3646337
6734710
8512081
4716663
6183213
4032303
3976906
9118396
2794946
309856
7013387
428992
2366646
5056854
7721054
6568002
4315660
5603112
2606228
468700
7798980
2590016
7168815
7663429
8538583
5126533
4324917
8499601
8645571
9242736
7338100
4054020
5173394
2514811
895782
3145656
8303664
3016059
2413554
1406696
1441423
4182667
9936541
1265100
2968675
4336866
622953
2936148
6877222
8486018
2003444
8590047
7349625
9694717
2291469
7314395
7493463
5588558
1326573
9869852
7172567
4006270
4930011
2271646
2239431
4788841
5812346
7654839
5160811
5535151
7135191
242263
9284036
8871934
3825804
7290930
5331410
332120
1248633
8375562
4138101
9054670
2732443
7563535
6539172
3833430
6271934
2782391
2197636
3852788
3743150
3654798
6510780
9504553
2424726
5754433
8070229
4381107
5401284
1251904
6160280
414283
4374128
7754386
3449503
8015787
1316683
6548287
3790456
5183562
8566452
7245282
4096609
6110803
1923566
402034
3665498
1413101
5930392
8705602
4257263
8706467
1086185
2254519
1439831
9470568
5606810
1675313
9821291
3435797
1766823
3798748
1250250
743013
8798100
6656947
6312362
1658720
4576562
2669621
3837739
5363874
2411390
1221238
2833930
3223077
7868809
2739506
6362020
9815635
9674162
7116252
4573954
7754211
1793056
5261379
2282547
1560763
7253620
5971373
2937981
3655588
6186955
9991071
9061298
6647840
3464768
3322331
5601029
2223179
9868764
9588241
9668384
7287029
2836525
3844685
5051407
7822927
2729932
6062848
9363948
57094
1349323
2501034
4201657
7588959
6221851
259055
4330180
8815951
2921771
693716
2249889
5135933
2480274
8311113
5311737
5963543
8729926
4536797
8052001
6115556
4843992
3267336
2566354
5069404
953750
269299
2730176
5874690
5333357
4014992
268354
6938205
7637452
2937502
3481477
470226
9461795
8340287
5729799
9541522
1044332
2938926
5033134
7288549
9816764
6007553
2955263
8570537
8192744
7396466
9470005
4371756
3385361
194948
1772212
8265694
1343558
4265724
866296
6263966
3627237
9264188
1515686
5966461
6871286
3392044
257729
5203964
9522844
6084630
5193821
2639067
5936951
1967739
2771199
1070916
742303
6558483
8270296
1895684
2783618
5066494
8137378
9931574
4274020
8951965
6966799
1025831
1915954
1981463
8667445
3900476
3035143
3202540
3709539
1700832
8505369
8364901
9033985
2665670
6485370
5171039
734103
6406018
1885287
9688593
4909026
659505
4974745
2694116
762182
4772614
9237580
6789433
4391717
4715664
7057955
4901634
6422161
2039021
9522995
6805576
2163940
3539449
8009694
3642187
1184082
430150
2700399
4710961
4717678
770163
2206237
1783416
951032
2036805
5912505
1117796
9477016
2907323
6005071
3057200
9274628
8674566
1675568
7085654
7627458
2022233
4453435
8894422
101799
1623504
1177007
9139114
9094817
2076537
7491608
2153173
2701591
9294172
1439640
6000230
7282336
9716406
5001581
7541878
6794841
8185886
3769683
8296172
6840062
2288296
8748806
3714066
7098410
1850241
4687605
9273721
8012351
3398274
1942563
846280
4664522
7286627
629378
6585611
3859747
5770484
2128452
5138632
8237410
3945952
1197852
519585
381463
6448656
3004974
7924870
9032044
4534373
1159410
5981601
6138734
5037903
1990399
3190309
2250900
831301
7798602
8267636
1173731
5164384
4808207
1647553
5505640
307282
7125790
7690389
8098146
254951
9675785
5139901
5062672
8406093
6357173
9636884
7515684
1698617
271775
1093798
1288964
7866033
35474
8806784
5127536
740849
7404529
3425888
1987481
7658194
9471184
9944589
7519946
9175827
4448139
1747907
8700536
5692934
7312003
3747941
803514
1651492
6392522
6447416
5110405
835912
883502
2589741
7783868
6876365
4477462
7999635
9376063
8086076
4018592
2681109
5573600
7104467
8489927
3459387
3525129
2266033
6514587
9413491
6223027
8725330
7733314
7858800
7724555
2586309
745757
7679083
552607
358994
3010595
3909529
379446
4807337
4125798
7085369
6394620
1527214
6894557
1910227
1801284
6158620
7400796
1847024
6681265
9009655
1843805
1327221
3537342
7667014
5190323
7435557
9936707
5398017
2832724
1213589
1681921
9234593
1731010
6315813
6330254
6094030
7333845
9717235
9408540
4796014
5163092
6604274
2122253
6235463
5615872
8315859
314737
6711041
7728620
4677676
7801305
1970690
858392
1695171
8033320
7901369
5303048
8888964
