9632
8717
2821
5993
7255
268
979
985
3778
3437
2317
8969
1072
5693
4099
2915
8246
4583
2016
7722
6582
4155
8400
8000
5672
479
7001
1229
3072
4654
7784
8643
3451
117
2128
4009
2906
6610
2371
5180
1808
7346
553
1623
8607
636
4458
5845
5930
2793
6267
3458
2104
5379
4916
8084
4436
9083
3335
6018
7539
4615
9847
1717
7656
9889
7338
7890
6303
9173
3716
8147
9706
7140
9797
5785
9532
8917
4916
1741
9536
9066
6403
1571
4454
599
8601
9751
8809
3117
7708
8757
8557
2548
3768
5557
5611
5695
1099
2611
4571
8701
5035
3284
6479
7526
5046
475
2072
1723
3346
6658
2003
4582
7018
9170
4813
3598
5165
6435
694
8489
1056
613
1041
1992
5754
4798
7773
9501
2217
7058
4323
4479
8756
798
7351
7570
2180
8011
1274
7529
454
4712
8272
1227
4310
8072
2013
7570
9571
4111
8070
2889
4349
2028
1500
1982
5919
2149
8516
6437
6073
5744
8851
7279
5233
9121
1056
5712
793
9793
368
990
2337
5256
123
8140
9230
3078
6069
4418
6881
3671
993
1507
9103
3091
622
4038
9885
2343
8677
1421
8232
5182
7718
7811
550
8900
2745
8036
1605
1958
3640
3511
9495
7345
1332
9854
7668
2246
24
7215
478
5654
8987
7936
5342
9210
5749
3599
5862
1153
2524
1895
2453
3284
4920
8093
8907
6990
5272
6188
8333
4018
8888
8963
4951
3092
2915
8428
5653
8164
3804
8944
4968
643
7224
9036
6567
6909
333
5491
7807
6118
241
7196
7455
619
7728
9245
1957
7910
7189
6947
4730
5443
8308
6597
6373
9080
5765
8830
6726
2136
2171
525
34
7763
9844
3573
2807
7365
6011
5298
5590
9891
4775
7535
2528
4963
616
7333
3480
445
4933
8364
7445
2558
7381
8816
9718
3137
7455
7632
2273
6499
7501
6912
3498
8007
8337
1952
5802
1812
9818
2255
386
2768
9587
4129
9510
4594
8390
6202
2715
3254
1012
3901
5914
6397
2077
5631
2052
6114
9331
1517
1411
9689
8655
2384
9104
600
4123
5683
3863
3673
8097
188
4487
6831
6427
9752
5704
9727
9651
7775
1394
5255
6731
2105
6902
8742
3258
6285
380
4789
7437
8855
6889
2862
3216
5505
505
5330
5590
4704
9562
9278
5832
1176
4278
6399
7676
6568
9978
6916
3178
5611
8369
9583
8202
3993
3479
1349
6374
558
923
5040
9716
8454
6641
7899
1350
7530
2834
1363
7817
7168
2712
6123
4952
7700
5374
6218
1753
8626
4465
3034
819
3244
9883
3437
1094
4494
1259
3757
5070
4291
8009
9581
2642
9748
579
9423
6611
7422
9401
6074
2973
8267
268
1815
7446
5813
1873
7729
681
4836
3787
9121
7475
344
8317
6314
4572
728
2136
8792
4633
8604
9080
8654
4543
5055
1868
1316
6294
3670
9743
5145
8932
4521
8401
102
7858
8007
7332
6483
3025
7534
9338
2965
6391
2
1666
9748
6537
8271
3825
8567
5028
7999
735
9630
1728
8969
1195
9666
3433
2449
4018
9007
9683
3571
762
4072
6588
4833
2516
3506
2075
4588
1833
6156
8256
7335
111
1095
3924
6123
3117
8645
981
6785
2880
2774
1511
4354
353
3095
3079
5545
452
6058
3067
5688
8536
9128
1721
7317
4830
8142
6641
6902
4162
73
680
8969
4314
5466
3540
752
7078
2175
6934
650
2411
2548
2218
6
8730
7379
2980
8356
4975
3989
4613
6026
8076
471
470
4413
2255
699
6240
9881
6027
8399
6557
8148
1849
2234
6811
6366
3786
63
2190
6588
1869
9975
8071
7341
80
2426
5191
9608
3491
3858
925
6744
8065
957
5246
310
5256
5996
6871
3474
9323
748
2444
2117
602
2719
4353
1947
8853
9905
4272
7299
7537
6294
5439
9057
8042
2071
3074
5241
5338
4663
1599
7397
757
17
8804
4733
668
8770
9369
316
926
9982
1185
2734
1480
6379
1261
4802
9984
4873
4588
8522
7137
6552
4513
389
9837
8628
3569
4716
4039
5003
4944
414
389
6901
5175
2905
5550
8842
2402
6979
8208
2877
640
1808
694
3492
7466
3708
2149
4971
1241
7789
7724
5389
4662
6599
8216
3316
35
578
7668
8631
3573
4854
9716
9646
329
9683
4552
4407
4456
2176
2030
8430
1669
9967
2442
6361
5358
5850
4478
8436
1450
2098
391
8889
113
7208
9318
5259
1371
1668
4167
9244
961
4703
3570
2218
3591
6655
7809
6601
6373
3845
9212
1430
4287
9156
1977
6990
885
2320
728
4991
6722
464
9081
6765
8457
6824
4216
628
7795
7622
1203
8624
2660
1723
452
8173
2621
726
152
2182
8676
6771
4886
2579
4004
2700
6345
9946
2225
7998
1736
3600
7871
4211
6309
6484
2359
3251
7260
4245
2299
2771
8111
2442
9035
1075
5805
9113
9332
7677
4941
6060
5429
3487
6599
3426
9554
8559
7791
6693
4052
4570
702
807
5270
8692
1720
9295
1682
1783
4751
9501
756
3902
4786
5931
1339
4062
159
2555
9972
745
7216
445
1623
8018
762
132
9508
8891
939
5869
6056
7871
1328
9805
6457
4176
7472
7430
2618
7334
316
2029
2938
252
8827
7660
2550
6549
6975
450
532
7762
7458
6721
3216
7131
5570
1774
3008
7642
8275
8819
6156
4002
3913
6167
6382
6924
1417
4091
3103
7108
8161
4873
6917
2767
1948
1242
1500
6918
7482
4621
9121
3359
5564
8751
4419
2803
3908
8839
363
401
383
3203
6530
2935
8812
7885
4211
654
2564
1883
9806
2346
2483
1042
3912
1909
1698
9113
6240
6669
37
8000
9792
9739
7905
2173
3175
5221
6271
8652
2532
9274
5836
891
2169
9201
1155
9648
8068
8384
7176
5637
5316
9276
8295
889
8857
892
7774
3557
245
6975
4572
6044
8885
9109
5501
1689
603
5057
4426
3099
1906
1191
3791
9289
616
369
8123
7220
8674
5347
6941
6039
9446
5727
4458
5477
7628
3356
3369
389
2746
6028
5713
9458
527
1704
9040
479
6262
6419
6394
8753
2374
175
9346
7899
