428
660
599
604
238
217
291
709
473
907
160
525
635
6
800
180
606
891
703
584
363
964
71
114
974
894
524
734
329
361
83
811
871
903
519
556
691
360
678
913
811
137
775
188
728
166
283
362
210
125
422
908
959
605
254
780
207
468
601
165
555
20
646
333
944
783
117
72
225
839
535
7
189
227
292
833
120
591
156
790
381
968
467
796
995
484
438
987
4
944
122
222
563
593
593
721
840
872
110
741
700
153
632
332
823
208
19
390
280
190
606
48
12
592
138
220
420
446
902
788
107
62
212
251
505
84
235
961
916
206
922
3
143
410
49
447
813
433
639
392
376
105
770
688
336
168
958
659
59
977
830
689
817
163
398
839
238
345
599
557
425
972
797
755
611
453
114
367
828
119
894
472
234
434
582
166
709
711
258
495
3
226
634
894
841
535
494
650
583
244
772
518
166
65
458
88
254
585
365
843
696
871
519
967
880
135
563
438
74
649
789
956
647
286
605
455
570
502
164
457
577
388
43
227
88
971
552
847
349
855
314
797
101
12
896
607
758
540
591
328
496
124
717
416
793
747
517
167
607
315
299
712
293
847
578
949
643
906
86
179
871
490
661
706
538
710
997
50
155
36
424
254
91
549
586
660
741
922
661
69
169
149
259
776
205
656
93
940
105
945
353
586
225
984
79
971
984
201
389
614
88
329
266
533
903
711
990
566
68
628
101
405
165
834
91
565
806
978
620
271
298
766
264
919
329
67
697
716
122
387
558
538
551
928
378
662
61
635
556
748
569
648
64
36
463
710
233
605
425
759
846
801
808
759
189
543
140
929
157
982
246
110
518
196
243
386
821
413
153
139
671
584
462
174
22
605
312
259
853
17
841
954
129
760
601
778
83
712
223
454
186
383
229
433
330
578
792
177
383
655
331
212
278
131
142
97
558
165
251
982
260
891
181
286
650
621
156
211
730
518
652
791
942
682
987
746
437
58
544
741
624
671
986
581
374
677
184
639
660
478
904
999
921
435
932
567
605
231
855
858
519
84
544
652
953
964
171
733
240
646
452
595
538
437
842
877
406
537
266
827
738
288
821
453
699
858
897
18
917
154
121
591
401
111
671
66
64
852
77
137
476
516
278
571
862
232
437
602
833
872
973
812
167
566
888
184
75
607
188
419
668
138
844
932
32
269
589
90
34
289
908
419
337
86
581
627
852
12
73
461
557
875
645
262
97
292
64
609
53
781
97
475
556
74
714
321
25
677
250
363
294
244
734
292
647
324
43
450
90
790
758
95
209
829
829
190
727
317
57
420
127
755
568
547
903
28
525
929
351
902
867
237
749
353
118
338
671
398
382
130
130
583
115
887
872
974
703
701
362
113
987
169
766
924
975
629
556
828
432
161
312
630
130
601
146
714
332
96
100
284
600
294
210
789
21
201
136
315
868
102
463
168
451
461
576
497
238
376
971
705
16
641
92
826
41
446
902
928
459
827
598
719
391
883
470
922
147
970
205
329
919
979
195
646
492
666
231
288
876
209
37
496
823
679
226
765
538
339
879
684
251
499
851
890
274
184
168
206
166
456
115
505
690
462
799
779
246
917
670
466
995
657
195
742
802
405
413
996
305
983
537
606
948
39
170
494
266
536
828
283
869
221
518
213
775
237
293
286
329
700
948
643
256
120
657
540
134
59
337
329
696
899
161
818
410
40
958
321
307
303
594
144
748
532
872
773
111
556
441
776
311
274
227
346
2
796
568
647
398
222
357
978
333
563
859
788
434
756
237
661
957
399
443
171
943
298
38
310
676
612
603
735
594
622
407
522
925
924
467
842
979
379
306
711
402
71
774
169
18
82
112
853
593
267
706
980
32
446
548
65
766
259
50
174
402
81
486
319
762
404
913
50
746
267
765
2
901
413
417
187
42
530
910
203
721
101
3
753
134
18
757
782
889
677
337
80
201
569
93
625
158
946
856
547
773
926
653
824
344
263
443
324
278
88
303
1
444
469
259
133
542
383
360
788
757
274
446
750
263
448
787
267
432
595
939
789
227
9
992
293
121
377
97
624
959
856
664
309
641
637
474
123
145
430
102
294
983
127
405
464
380
415
806
866
65
577
513
295
812
584
310
922
834
613
273
472
355
451
459
668
590
49
9
401
884
296
859
137
978
949
993
497
235
897
338
374
233
239
908
358
786
835
561
954
329
121
275
815
734
154
551
849
947
297
686
127
638
74
997
84
4
425
408
334
512
92
853
693
3
27
318
764
145
978
754
274
762
838
980
398
