428
660
599
604
238
217
291
709
473
907
160
525
635
6
800
180
606
891
703
584
363
964
71
114
974
894
524
734
329
361
83
811
871
903
519
556
691
360
678
913
811
137
775
188
728
166
283
362
210
125
422
908
959
605
254
780
207
468
601
165
555
20
646
333
944
783
117
72
225
839
535
7
189
227
292
833
120
591
156
790
381
968
467
796
995
484
438
987
4
944
122
222
563
593
593
721
840
872
110
741
700
153
632
332
823
208
19
390
280
190
606
48
12
592
138
220
420
446
902
788
107
62
212
251
505
84
235
961
916
206
922
3
143
410
49
447
813
433
639
392
376
105
770
688
336
168
958
659
59
977
830
689
817
163
398
839
238
345
599
557
425
972
797
755
611
453
114
367
828
119
894
472
234
434
582
166
709
711
258
495
3
226
634
894
841
535
494
650
583
244
772
518
166
65
458
88
254
585
365
843
696
871
519
967
880
135
563
438
74
649
789
956
647
286
605
455
570
502
164
457
577
388
43
227
88
971
552
847
349
855
314
797
101
12
896
607
758
540
591
328
496
124
717
416
793
747
517
167
607
315
299
712
293
847
578
949
643
906
86
179
871
490
661
706
538
710
997
50
155
36
424
254
91
549
586
660
741
922
661
69
169
149
259
776
205
656
93
940
105
945
353
586
225
984
79
971
984
201
389
614
88
329
266
533
903
711
990
566
68
628
101
405
165
834
91
565
806
978
620
271
298
766
264
919
329
67
697
716
122
387
558
538
551
928
378
662
61
635
556
748
569
648
64
36
463
710
233
605
425
759
846
801
808
759
189
543
140
929
157
982
246
110
518
196
243
386
821
413
153
139
671
584
462
174
22
605
312
259
853
17
841
954
129
760
601
778
83
712
223
454
186
383
229
433
330
578
792
177
383
655
331
212
278
131
142
97
558
165
251
982
260
891
181
286
650
621
156
211
730
518
652
791
942
682
987
746
437
58
544
741
624
671
986
581
374
677
184
639
660
478
904
999
921
435
932
567
605
231
855
858
519
84
544
652
953
964
171
733
240
646
452
595
538
437
842
877
406
537
266
827
738
288
821
453
699
858
897
18
917
154
121
591
401
111
671
66
64
852
77
137
476
516
278
571
862
232
437
602
833
872
973
812
167
566
888
184
75
607
188
419
668
138
844
932
32
269
589
90
34
289
908
419
337
86
581
627
852
12
73
461
557
875
645
262
97
292
64
609
53
781
97
475
556
74
714
321
25
677
250
363
294
244
734
292
647
324
43
450
90
790
758
95
209
829
829
190
727
317
57
420
127
755
568
547
903
28
525
929
351
902
867
237
749
353
118
338
671
398
382
130
130
583
115
887
872
974
703
701
362
113
987
169
766
924
975
629
556
828
432
161
312
630
130
601
146
714
332
96
100
284
600
294
210
789
21
201
136
315
868
102
463
168
451
461
576
497
238
376
971
705
16
641
92
826
41
446
902
928
459
827
598
719
391
883
470
922
147
970
205
329
919
979
195
646
492
666
231
288
876
209
37
496
823
679
226
765
538
339
879
684
251
499
851
890
274
184
168
206
166
456
115
505
690
462
799
779
246
917
670
466
995
657
195
742
802
405
413
996
305
983
537
606
948
39
170
494
266
536
828
283
869
221
518
213
775
237
293
286
329
700
948
643
256
120
657
540
134
59
337
329
696
899
161
818
410
40
958
321
307
303
594
144
748
532
872
773
111
556
441
776
311
274
227
346
2
796
568
647
398
222
357
978
333
563
859
788
434
756
237
661
957
399
443
171
943
298
38
310
676
612
603
735
594
622
407
522
925
924
467
842
979
379
306
711
402
71
774
169
18
82
112
853
593
267
706
980
32
446
548
65
766
259
50
174
402
81
486
319
762
404
913
50
746
267
765
2
901
413
417
187
42
530
910
203
721
101
3
753
134
18
757
782
889
677
337
80
201
569
93
625
158
946
856
547
773
926
653
824
344
263
443
324
278
88
303
1
444
469
259
133
542
383
360
788
757
274
446
750
263
448
787
267
432
595
939
789
227
9
992
293
121
377
97
624
959
856
664
309
641
637
474
123
145
430
102
294
983
127
405
464
380
415
806
866
65
577
513
295
812
584
310
922
834
613
273
472
355
451
459
668
590
49
9
401
884
296
859
137
978
949
993
497
235
897
338
374
233
239
908
358
786
835
561
954
329
121
275
815
734
154
551
849
947
297
686
127
638
74
997
84
4
425
408
334
512
92
853
693
3
27
318
764
145
978
754
274
762
838
980
398
880
488
871
415
445
6
405
573
137
200
72
496
490
933
540
172
861
660
132
559
346
963
180
649
678
469
396
991
927
938
635
20
743
943
661
256
587
213
810
756
487
368
539
715
132
142
224
308
723
59
532
552
504
8
119
593
838
856
506
101
274
897
581
289
967
605
729
369
958
115
274
950
656
964
908
414
905
207
682
970
422
934
202
605
685
666
40
587
473
141
115
151
760
318
569
139
543
423
28
281
809
315
195
525
724
810
887
103
1
202
863
161
653
400
298
174
510
443
298
598
165
106
156
164
625
633
212
229
960
669
720
859
363
235
714
69
734
788
761
666
41
910
720
74
540
577
538
518
239
241
50
743
228
691
554
895
105
586
588
558
902
988
79
413
299
661
737
368
46
535
994
815
764
788
936
561
420
263
835
388
530
207
331
954
747
240
886
347
412
569
242
182
215
692
743
777
275
708
885
926
714
337
529
815
202
513
340
764
36
819
867
663
398
923
183
181
51
104
537
347
911
548
679
51
931
792
180
895
726
102
750
434
631
404
690
330
997
9
891
241
184
607
491
947
11
605
163
674
563
94
449
264
666
981
72
605
56
860
914
598
248
121
502
993
639
875
874
661
132
205
594
549
167
723
129
201
942
920
562
50
826
84
77
979
256
599
179
874
525
17
571
553
383
677
659
623
932
236
954
900
436
525
416
332
642
839
99
8
149
763
261
940
376
394
876
154
944
414
224
542
193
141
568
573
359
314
234
174
643
38
79
418
468
293
67
657
588
152
968
482
765
133
217
254
485
791
676
310
647
939
145
218
872
274
658
310
330
637
61
345
497
867
316
694
288
412
458
338
63
162
501
204
326
945
837
256
933
778
411
15
674
642
654
779
191
536
720
491
438
256
477
919
0
880
11
163
498
719
679
357
549
80
478
44
150
270
775
674
904
357
334
152
775
982
427
943
397
613
873
49
954
996
484
196
92
167
239
926
26
424
58
523
40
991
705
359
661
795
871
858
692
398
178
876
672
902
850
159
3
342
817
441
466
28
308
963
859
400
493
35
662
307
193
399
381
238
143
386
386
41
268
816
483
544
595
123
505
186
307
774
487
764
184
90
241
659
796
224
461
302
930
590
366
156
585
559
349
281
831
131
47
328
612
796
221
336
908
591
257
301
34
734
840
851
293
209
687
454
191
941
241
293
808
884
173
642
395
818
824
445
396
475
930
599
663
615
417
199
449
278
638
514
957
575
486
240
759
306
412
438
301
753
263
175
330
888
400
963
36
229
278
193
584
894
630
69
734
117
607
961
883
140
332
320
864
703
757
877
493
899
821
987
708
502
666
196
846
687
929
438
107
215
711
244
860
160
962
31
719
109
671
458
728
717
852
774
769
914
976
758
952
673
10
555
877
779
288
743
165
110
31
281
782
620
957
736
575
323
665
250
501
957
140
787
863
656
519
795
941
431
574
859
238
730
760
325
25
154
398
147
873
465
126
452
56
700
757
381
230
170
363
506
82
857
73
546
126
581
701
429
322
636
763
497
728
337
810
999
854
834
47
752
73
404
340
92
875
984
893
755
318
677
331
741
778
576
339
842
348
774
861
893
160
314
825
596
892
4
934
394
427
424
405
693
683
288
157
148
95
765
672
364
759
239
410
595
727
604
875
963
317
362
67
667
117
269
283
306
563
540
98
554
574
738
422
262
697
416
756
316
17
366
816
570
303
293
106
876
674
932
115
793
899
952
423
858
230
922
677
159
1
387
508
412
598
204
379
957
821
555
126
744
706
877
686
146
413
476
734
212
249
609
442
715
359
216
166
104
104
240
986
660
82
864
525
831
495
955
107
312
965
69
569
390
520
754
886
942
997
480
628
217
813
913
646
106
145
323
672
345
352
966
569
200
372
718
90
573
899
529
582
445
498
529
76
330
947
689
117
675
580
330
14
262
530
582
700
389
170
702
595
305
283
679
947
418
939
892
974
556
943
247
390
752
68
300
483
19
516
325
101
144
532
813
195
834
632
211
466
456
305
248
389
702
346
368
434
806
416
508
329
35
955
889
871
666
780
567
331
2
67
331
214
845
280
720
857
28
240
823
557
37
743
858
397
941
758
73
628
987
757
162
773
755
293
675
680
515
870
248
872
109
981
504
934
125
699
387
734
833
862
143
53
268
825
476
787
249
228
575
301
685
534
285
920
945
810
0
714
626
541
452
609
434
178
103
563
787
117
677
867
706
932
943
0
15
436
648
729
914
827
587
994
337
642
35
474
921
571
799
