428
660
599
604
238
217
291
709
473
907
160
525
635
6
800
180
606
891
703
584
363
964
71
114
974
894
524
734
329
361
83
811
871
903
519
556
691
360
678
913
811
137
775
188
728
166
283
362
210
125
422
908
959
605
254
780
207
468
601
165
555
20
646
333
944
783
117
72
225
839
535
7
189
227
292
833
120
591
156
790
381
968
467
796
995
484
438
987
4
944
122
222
563
593
593
721
840
872
110
741
700
153
632
332
823
208
19
390
280
190
606
48
12
592
138
220
420
446
902
788
107
62
212
251
505
84
235
961
916
206
922
3
143
410
49
447
813
433
639
392
376
105
770
688
336
168
958
659
59
977
830
689
817
163
398
839
238
345
599
557
425
972
797
755
611
453
114
367
828
119
894
472
234
434
582
166
709
711
258
495
3
226
634
894
841
535
494
650
583
244
772
518
166
65
458
88
254
585
365
843
696
871
519
967
880
135
563
438
74
649
789
956
647
286
605
455
570
502
164
457
577
388
43
227
88
971
552
847
349
855
314
797
101
12
896
607
758
540
591
328
496
124
717
416
793
747
517
167
607
315
299
712
293
847
578
949
643
906
86
179
871
490
661
706
538
710
997
50
155
36
424
254
91
549
586
660
741
922
661
69
169
149
259
776
205
656
93
940
105
945
353
586
225
984
79
971
984
201
389
614
88
329
266
533
903
711
990
566
68
628
101
405
165
834
91
565
806
978
620
271
298
766
264
919
329
67
697
716
122
387
558
538
551
928
378
662
61
635
556
748
569
648
64
36
463
710
233
605
425
759
846
801
808
759
189
543
140
929
157
982
246
110
518
196
243
386
821
413
153
139
671
584
462
174
22
605
312
259
853
17
841
954
129
760
601
778
83
712
223
454
186
383
229
433
330
578
792
177
383
655
331
212
278
131
142
97
558
165
251
982
260
891
181
286
650
621
156
211
730
518
652
791
942
682
987
746
437
58
544
741
624
671
986
581
374
677
184
639
660
478
904
999
921
435
932
567
605
231
855
858
519
84
544
652
953
964
171
733
240
646
452
595
538
437
842
877
406
537
266
827
738
288
821
453
699
858
897
18
917
154
121
591
401
111
671
66
64
852
77
137
476
516
278
571
862
232
437
602
833
872
973
812
167
566
888
184
75
607
188
419
668
138
844
932
32
269
589
90
34
289
908
419
337
86
581
627
852
12
73
461
557
875
645
262
97
292
64
609
53
781
97
475
556
74
714
321
25
677
250
363
294
244
734
292
647
324
43
450
90
790
758
95
209
829
829
190
727
317
57
420
127
755
568
547
903
28
525
929
351
902
867
237
749
353
118
338
671
398
382
130
130
583
115
887
872
974
703
701
362
113
987
169
766
924
975
629
556
828
432
161
312
630
130
601
146
714
332
96
100
284
600
294
210
789
21
201
136
315
868
102
463
168
451
461
576
497
238
376
971
705
16
641
92
826
41
446
902
928
459
827
598
719
391
883
470
922
147
970
205
329
919
979
195
646
492
666
231
288
876
209
37
496
823
679
226
765
538
339
879
684
251
499
851
890
274
184
168
206
166
456
115
505
690
462
799
779
246
917
670
466
995
657
195
742
802
405
413
996
305
983
537
606
948
39
170
494
266
536
828
283
869
221
518
213
775
237
293
286
329
700
948
643
256
120
657
540
134
59
337
329
696
899
161
818
410
40
958
321
307
303
594
144
748
532
872
773
111
556
441
776
311
274
227
346
2
796
568
647
398
222
357
978
333
563
859
788
434
756
237
661
957
399
443
171
943
298
38
310
676
612
603
735
594
622
407
522
925
924
467
842
979
379
306
711
402
71
774
169
18
82
112
853
593
267
706
980
32
446
548
65
766
259
50
174
402
81
486
319
762
404
913
50
746
267
765
2
901
413
417
187
42
530
910
203
721
101
3
753
134
18
757
782
889
677
337
80
201
569
93
625
158
946
856
547
773
926
653
824
344
263
443
324
278
88
303
1
444
469
259
133
542
383
360
788
757
274
446
750
263
448
787
267
432
595
939
789
227
9
992
293
121
377
97
624
959
856
664
309
641
637
474
123
145
430
102
294
983
127
405
464
380
415
806
866
65
577
513
295
812
584
310
922
834
613
273
472
355
451
459
668
590
49
9
401
884
296
859
137
978
949
993
497
235
897
338
374
233
239
908
358
786
835
561
954
329
121
275
815
734
154
551
849
947
297
686
127
638
74
997
84
4
425
408
334
512
92
853
693
3
27
318
764
145
978
754
274
762
838
980
398
880
488
871
415
445
6
405
573
137
200
72
496
490
933
540
172
861
660
132
559
346
963
180
649
678
469
396
991
927
938
635
20
743
943
661
256
587
213
810
756
487
368
539
715
132
142
224
308
723
59
532
552
504
8
119
593
838
856
506
101
274
897
581
289
967
605
729
369
958
115
274
950
656
964
908
414
905
207
682
970
422
934
202
605
685
666
40
587
473
141
115
151
760
318
569
139
543
423
28
281
809
315
195
525
724
810
887
103
1
202
863
161
653
400
298
174
510
443
298
598
165
106
156
164
625
633
212
229
960
669
720
859
363
235
714
69
734
788
761
666
41
910
720
74
540
577
538
518
239
241
50
743
228
691
554
895
105
586
588
558
902
988
79
413
299
661
737
368
46
535
994
815
764
788
936
561
420
263
835
388
530
207
331
954
747
240
886
347
412
569
242
182
215
692
743
777
275
708
885
926
714
337
529
815
202
513
340
764
36
819
867
663
398
923
183
181
51
104
537
347
911
548
679
51
931
792
180
895
726
102
750
434
631
404
690
330
997
9
891
241
184
607
491
947
11
605
163
674
563
94
449
264
666
981
72
605
56
860
914
598
248
121
502
993
639
875
874
661
132
205
594
549
167
723
129
201
942
920
562
50
826
84
77
979
256
599
179
874
525
17
571
553
383
677
659
623
932
236
954
900
436
525
416
332
642
839
99
8
149
763
261
940
376
394
876
154
944
414
224
542
193
141
568
573
359
314
234
174
643
38
79
418
468
293
67
657
588
152
968
482
765
133
217
254
485
791
676
310
647
939
145
218
872
274
658
310
330
637
61
345
497
867
316
694
288
412
458
338
63
162
501
204
326
945
837
256
933
778
411
15
674
642
654
779
191
536
720
491
438
256
477
919
0
880
11
163
498
719
679
357
549
80
478
44
150
270
775
674
904
357
334
152
775
982
427
943
397
613
873
49
954
996
484
196
92
167
239
926
26
424
58
523
40
991
705
359
661
795
871
858
692
398
178
876
672
902
850
159
3
342
817
441
466
28
308
963
859
400
493
35
662
307
193
399
381
238
143
386
386
41
268
816
483
544
595
123
505
186
307
774
487
764
184
90
241
659
796
224
461
302
930
590
366
156
585
559
349
281
831
131
47
328
612
796
221
336
908
591
257
301
34
734
840
851
293
209
687
454
191
941
241
293
808
884
173
642
395
818
824
445
396
475
930
599
663
615
417
199
449
278
638
514
957
575
486
240
759
306
412
438
301
753
263
175
330
888
400
963
36
229
278
193
584
894
630
69
734
117
607
961
883
140
332
320
864
703
757
877
493
899
821
987
708
502
666
196
846
687
929
438
107
215
711
244
860
160
962
31
719
109
671
458
728
717
852
774
769
914
976
758
952
673
10
555
877
779
288
743
165
110
31
281
782
620
957
736
575
323
665
250
501
957
140
787
863
656
519
795
941
431
574
859
238
730
760
325
25
154
398
147
873
465
126
452
56
700
757
381
230
170
363
506
82
857
73
546
126
581
701
429
322
636
763
497
728
337
810
999
854
834
47
752
73
404
340
92
875
984
893
755
318
677
331
741
778
576
339
842
348
774
861
893
160
314
825
596
892
4
934
394
427
424
405
693
683
288
157
148
95
765
672
364
759
239
410
595
727
604
875
963
317
362
67
667
117
269
283
306
563
540
98
554
574
738
422
262
697
416
756
316
17
366
816
570
303
293
106
876
674
932
115
793
899
952
423
858
230
922
677
159
1
387
508
412
598
204
379
957
821
555
126
744
706
877
686
146
413
476
734
212
249
609
442
715
359
216
166
104
104
240
986
660
82
864
525
831
495
955
107
312
965
69
569
390
520
754
886
942
997
480
628
217
813
913
646
106
145
323
672
345
352
966
569
200
372
718
90
573
899
529
582
445
498
529
76
330
947
689
117
675
580
330
14
262
530
582
700
389
170
702
595
305
283
679
947
418
939
892
974
556
943
247
390
752
68
300
483
19
516
325
101
144
532
813
195
834
632
211
466
456
305
248
389
702
346
368
434
806
416
508
329
35
955
889
871
666
780
567
331
2
67
331
214
845
280
720
857
28
240
823
557
37
743
858
397
941
758
73
628
987
757
162
773
755
293
675
680
515
870
248
872
109
981
504
934
125
699
387
734
833
862
143
53
268
825
476
787
249
228
575
301
685
534
285
920
945
810
0
714
626
541
452
609
434
178
103
563
787
117
677
867
706
932
943
0
15
436
648
729
914
827
587
994
337
642
35
474
921
571
799
452
890
124
253
637
198
926
342
976
746
58
991
958
435
691
550
547
380
109
793
83
529
174
380
646
514
693
26
231
540
167
783
949
675
640
96
797
536
641
949
441
973
700
5
252
313
534
218
37
260
947
376
827
201
639
612
477
165
705
445
320
95
590
584
401
783
564
415
797
663
454
212
214
903
158
944
777
519
824
179
950
347
254
664
217
825
119
708
535
448
971
752
123
198
570
900
902
764
215
52
474
639
31
798
842
841
563
933
105
59
794
783
972
738
288
305
114
742
450
911
662
651
403
618
318
338
378
164
84
724
928
435
189
490
868
952
363
269
401
666
370
321
136
698
789
905
295
778
556
625
602
66
461
375
920
890
928
885
708
630
441
246
286
989
582
553
778
389
640
795
611
845
792
816
604
33
936
956
174
388
665
373
941
159
319
615
940
492
60
601
450
126
626
58
176
303
565
141
881
194
85
702
27
177
685
13
236
369
426
279
127
77
443
333
909
343
289
561
623
289
396
426
80
470
525
573
7
29
385
14
290
860
442
856
188
221
537
255
187
156
369
451
342
138
4
96
541
464
502
927
564
967
486
540
835
98
776
352
755
668
504
41
813
322
475
903
22
676
38
82
646
58
374
393
801
482
371
921
48
383
958
666
336
25
896
654
970
339
709
168
192
707
342
553
373
310
327
696
195
4
571
225
610
822
546
354
388
134
669
197
944
738
622
960
94
201
651
253
60
222
384
700
873
507
827
354
691
472
675
508
444
269
170
355
359
409
300
999
983
699
660
392
559
810
194
500
5
668
757
213
771
742
900
767
468
392
993
482
386
426
561
815
906
1
183
369
382
495
467
360
574
626
4
12
240
473
346
612
310
164
303
921
32
840
231
493
385
603
870
767
889
692
768
802
171
123
385
654
495
73
348
658
655
70
286
404
817
535
873
103
340
36
929
144
627
310
918
869
755
235
212
302
908
778
244
839
47
365
316
75
628
797
935
782
385
729
803
525
430
816
746
478
645
421
148
643
110
850
821
958
858
773
498
298
646
535
478
295
147
329
161
551
277
664
193
263
175
991
846
614
207
662
209
418
855
427
792
507
249
838
877
459
632
666
703
12
565
395
427
492
168
222
455
954
274
406
918
336
981
439
813
160
299
466
960
513
455
213
517
924
284
347
317
224
160
328
608
320
317
0
166
484
382
949
47
532
297
434
47
704
922
435
607
585
21
823
475
60
649
193
868
350
5
741
604
606
484
874
776
344
627
830
229
979
971
194
403
560
990
746
384
852
493
800
262
408
407
615
63
505
513
755
369
826
455
933
965
670
496
921
687
149
722
565
129
972
388
727
454
275
19
772
783
420
609
594
44
528
204
98
203
878
910
978
583
965
730
357
326
277
10
182
389
919
12
350
791
630
713
714
546
665
191
26
172
378
249
78
853
364
245
432
755
580
409
938
629
263
227
523
708
717
982
59
712
871
963
317
602
62
87
139
277
296
240
736
184
465
216
828
17
768
944
786
93
138
34
953
398
98
37
932
245
693
552
119
325
572
551
807
324
937
506
419
432
313
715
943
157
376
82
342
817
895
571
842
880
889
215
307
478
662
690
759
506
722
618
55
945
292
350
551
482
842
12
536
497
394
281
957
231
255
426
215
909
229
608
120
769
551
17
626
341
27
669
679
329
448
819
572
635
93
210
650
159
744
590
321
72
963
115
80
415
993
204
927
538
276
849
3
89
931
371
414
100
330
229
820
67
160
172
790
148
431
63
567
505
234
340
103
5
733
633
617
599
35
611
297
597
503
683
506
546
767
675
803
492
953
425
460
962
233
377
717
427
312
857
630
752
368
153
73
714
297
779
831
493
495
557
129
318
230
147
733
748
126
284
302
747
838
548
393
418
919
511
694
762
294
224
764
789
3
194
764
276
914
245
917
207
559
455
579
727
511
825
89
157
602
33
560
127
726
58
75
696
361
516
183
758
411
83
751
962
251
466
330
994
208
365
115
285
276
521
484
816
185
152
64
150
750
947
408
978
103
468
861
964
622
362
353
777
524
289
169
162
882
551
991
49
237
472
746
164
604
116
756
34
145
618
190
478
856
755
364
734
148
219
410
161
741
998
577
457
756
666
688
328
474
177
150
583
116
983
225
175
127
252
737
951
309
473
1
469
389
967
601
767
393
484
943
240
82
942
261
742
498
560
594
978
138
39
712
122
424
293
586
953
736
70
623
466
645
988
606
109
904
554
389
410
112
550
77
528
232
662
910
266
789
205
294
238
697
51
837
632
338
120
793
974
748
624
59
935
437
399
3
742
292
826
477
825
289
577
898
196
241
296
79
124
858
902
280
182
482
923
24
269
901
227
908
995
580
120
933
272
130
909
579
909
921
533
806
909
885
96
695
196
318
37
715
47
789
366
574
821
258
947
640
677
110
473
127
418
768
803
520
530
904
283
227
907
998
636
595
851
807
859
505
629
998
381
203
341
570
560
247
180
29
308
968
578
640
649
785
236
703
820
973
465
817
452
206
552
895
772
393
774
751
97
645
455
59
228
814
931
738
65
927
19
287
138
857
940
393
265
119
172
175
527
399
150
109
649
51
562
842
709
379
471
7
340
193
140
875
165
885
890
559
365
541
576
953
307
491
901
47
130
853
755
747
326
93
853
819
879
143
741
134
878
364
86
964
524
873
296
991
433
617
144
790
588
811
643
401
804
23
720
982
345
237
43
263
642
170
331
95
192
476
909
504
183
68
701
391
812
899
272
45
284
780
291
459
953
465
859
49
420
469
810
275
528
736
467
809
586
650
196
480
824
149
32
834
499
979
239
423
168
176
549
900
521
549
409
614
883
773
788
677
47
911
839
357
644
552
853
59
960
937
641
666
765
550
889
226
291
42
732
389
176
758
31
651
94
232
357
877
285
41
998
14
113
192
570
417
373
466
551
657
949
194
148
9
904
812
257
287
409
72
924
52
668
976
224
910
181
221
674
287
563
485
400
678
509
107
69
488
783
425
269
532
594
724
811
755
385
1
728
433
807
496
120
980
638
266
346
518
97
782
700
697
382
133
656
269
300
174
924
994
241
648
74
379
264
479
94
106
414
253
973
984
553
756
387
496
899
772
876
693
623
900
737
331
760
349
367
200
140
745
437
236
235
383
331
885
502
531
470
425
519
170
676
240
825
375
556
51
952
12
373
412
732
777
224
343
252
442
145
569
830
466
919
11
403
128
916
469
85
299
691
443
147
672
424
134
546
989
550
853
149
783
69
289
68
75
389
73
446
67
851
716
801
838
524
929
678
295
546
130
42
147
969
49
814
640
674
100
403
406
575
221
267
134
522
703
917
546
616
334
228
757
303
827
565
241
164
931
51
247
980
163
47
384
902
663
962
699
658
307
452
803
459
676
261
554
269
460
904
395
933
387
141
607
446
746
581
304
256
270
839
699
869
556
831
375
720
551
35
528
506
962
235
181
287
478
123
566
179
774
572
339
19
824
590
79
640
541
832
176
889
71
136
722
444
856
517
947
158
887
406
764
285
161
58
35
3
666
925
272
220
66
507
417
243
922
468
70
15
500
991
824
718
411
266
27
586
550
142
20
571
722
157
219
269
964
981
591
660
8
789
932
801
842
688
88
734
495
34
4
320
963
947
759
307
297
585
422
226
989
572
335
205
79
37
196
579
978
386
834
0
916
891
338
205
433
890
712
460
725
424
52
538
138
440
689
403
410
203
724
700
907
321
87
350
38
270
313
291
3
158
299
935
617
924
129
672
589
816
633
847
276
637
628
104
309
825
179
430
97
812
825
767
117
85
535
368
391
541
99
418
569
326
792
692
111
147
670
104
571
931
369
22
167
901
911
79
99
22
453
15
48
232
335
317
73
53
292
135
280
292
551
575
323
54
938
1
910
507
334
484
884
31
815
963
256
335
281
380
18
247
634
825
328
660
357
754
100
254
612
741
56
931
875
846
295
575
592
587
411
41
581
812
583
625
993
783
355
113
549
951
649
773
617
844
216
501
77
19
816
926
212
950
690
383
339
329
464
639
123
124
582
789
736
578
217
447
274
195
218
61
639
218
271
125
512
100
743
255
276
316
668
11
100
145
959
296
815
961
748
168
789
404
108
978
340
836
144
241
525
877
45
112
800
971
861
560
487
519
488
708
900
451
279
831
819
491
205
587
546
741
536
844
426
571
7
333
695
993
912
141
42
95
207
70
965
841
540
22
717
564
272
872
455
693
102
782
13
492
784
718
687
184
253
6
190
180
627
534
235
160
51
337
184
535
479
45
505
244
750
427
159
391
440
387
406
337
822
389
67
808
39
862
269
87
493
490
780
764
672
470
65
571
309
355
405
98
661
454
358
154
50
819
15
737
136
979
399
740
169
67
50
893
403
238
239
307
141
303
618
432
77
977
635
62
204
208
819
611
821
696
520
806
319
345
451
72
218
383
532
702
824
539
611
553
318
53
800
574
465
683
121
40
174
651
929
489
260
725
416
940
672
385
474
480
830
570
710
569
703
432
903
